9f7f8e34ebf9d2edfba2d6836c1b3182	NEUTRAL	0.9234775436079755	AGAINST	0.05595373854861381	FAVOR	0.02056871784341077
ae2da2e286c876365821d5a2809a1b67	NEUTRAL	0.8172330875153047	AGAINST	0.144187577314752	FAVOR	0.0385793351699433
569eba748479ff4f5265721094675627	NEUTRAL	0.653332756678506	AGAINST	0.2428226467569465	FAVOR	0.10384459656454748
a66256460f5f8689900595dbd96cd6c8	NEUTRAL	0.7181456179718497	AGAINST	0.22533787318066206	FAVOR	0.05651650884748825
da177d28bb42f2e3138f158ed370ca38	NEUTRAL	0.8662230385496927	AGAINST	0.12131298475147846	FAVOR	0.012463976698828655
1ab5f5b43d17c0462571852561b25a29	NEUTRAL	0.6080743010666463	AGAINST	0.3011822632898893	FAVOR	0.09074343564346447
4fcc92af5a7a5d03e6778d8bf47e09fa	NEUTRAL	0.5566073966905681	AGAINST	0.3562838215114117	FAVOR	0.08710878179802016
a743904f04acc2e227f32beb166d11bc	NEUTRAL	0.7044647491578166	AGAINST	0.210578379149451	FAVOR	0.08495687169273236
7048ce4158dd5211ccb5dc2c409a77c2	NEUTRAL	0.753781386212064	AGAINST	0.188947185483437	FAVOR	0.057271428304498995
815c7cdcb5aa62bf9258a7c1c5b7d41a	NEUTRAL	0.6621742871332188	AGAINST	0.2820582894780131	FAVOR	0.055767423388768035
94999369e4f06f8bce500947f81ebe26	NEUTRAL	0.7431181631472744	AGAINST	0.16761121354017422	FAVOR	0.08927062331255133
1a0c912f51c6eade3b775d94cf7f58de	NEUTRAL	0.9396321245381206	AGAINST	0.052010051590788385	FAVOR	0.00835782387109086
180ad84e4e9cbcf3f4aaa394cea04106	NEUTRAL	0.7871109385613447	AGAINST	0.16327865973678934	FAVOR	0.04961040170186589
85bf98520f23f3c491314e114be42eb5	NEUTRAL	0.6566211013182213	AGAINST	0.2778738973456171	FAVOR	0.06550500133616162
77d3f48b2516b391011f18180ac46bf3	NEUTRAL	0.5022994788976296	AGAINST	0.45194054574319037	FAVOR	0.04575997535917993
59c459cfc60de8942335565c70afb423	NEUTRAL	0.5461796017731602	AGAINST	0.2724264633307576	FAVOR	0.18139393489608222
5960422777ed2d8c45b003d6241000d9	NEUTRAL	0.6851516188091132	AGAINST	0.2571481737427817	FAVOR	0.057700207448105174
4c9d53bc4b56a126b45932b3cb3e3610	NEUTRAL	0.7134185317605625	AGAINST	0.24051426971797688	FAVOR	0.04606719852146058
fb724291ed70ec3db62ee9eb0674aec4	NEUTRAL	0.5566073966905681	AGAINST	0.3562838215114117	FAVOR	0.08710878179802016
29885e091a3711a524a626565ae222f7	NEUTRAL	0.9797547467407612	AGAINST	0.013643715379428432	FAVOR	0.006601537879810314
ff31b692ace9f7d9306c4250f3dd8d30	NEUTRAL	0.27557870645160726	AGAINST	0.7182572550304004	FAVOR	0.006164038517992293
52128e0999bc461d93c7066c3e21a733	NEUTRAL	0.3661103893530186	AGAINST	0.6103558927095036	FAVOR	0.0235337179374778
e271a1b83045876ac1b8ac6c39261573	NEUTRAL	0.5566073966905681	AGAINST	0.3562838215114117	FAVOR	0.08710878179802016
b83bb5ebca21a73396be7d2666d3417d	NEUTRAL	0.5566073966905681	AGAINST	0.3562838215114117	FAVOR	0.08710878179802016
906bd702962b971d50453476213a9955	NEUTRAL	0.6892895825517991	AGAINST	0.2679202907389665	FAVOR	0.042790126709234357
3d53771f662576bc69a8160d2719d516	NEUTRAL	0.654970975557118	AGAINST	0.3027084486840269	FAVOR	0.042320575758855075
abbc5fd58b4ea14ff113ac71b29477f5	NEUTRAL	0.6124160180871275	AGAINST	0.30528863481910035	FAVOR	0.08229534709377213
a69e33e0ae3ba676b86164ba830c0d90	NEUTRAL	0.5986083567742904	AGAINST	0.2560734043050043	FAVOR	0.14531823892070525
33beb9116393754cc9cd4918b4d654af	NEUTRAL	0.7874924414798293	AGAINST	0.1344926044519908	FAVOR	0.07801495406817993
c8711a358dd281608274f39828929623	NEUTRAL	0.7094890678038075	AGAINST	0.2382311227972613	FAVOR	0.05227980939893111
c747c734432fc8bd7f96af8a476f2202	NEUTRAL	0.3685259346386028	AGAINST	0.5723767086464869	FAVOR	0.05909735671491031
de63e72a4135333da96885ea2182fd90	NEUTRAL	0.8479420380450076	AGAINST	0.13884291738156904	FAVOR	0.013215044573423486
c18c6415db2351bc4cd9de50314b1c9c	NEUTRAL	0.7141943059346285	AGAINST	0.22725536783165884	FAVOR	0.058550326233712625
364020eb5a87aab47b5c13c6733978db	NEUTRAL	0.7094890678038075	AGAINST	0.2382311227972613	FAVOR	0.05227980939893111
97cd195d67991ccba3ee93ab6280bb68	NEUTRAL	0.7094890678038075	AGAINST	0.2382311227972613	FAVOR	0.05227980939893111
f4d53f1a8f5d3d1c2001535387c09cf3	NEUTRAL	0.5566073966905681	AGAINST	0.3562838215114117	FAVOR	0.08710878179802016
9015dc87e71dcb72fedf5e8e7c66df96	NEUTRAL	0.5566073966905681	AGAINST	0.3562838215114117	FAVOR	0.08710878179802016
79ead1bba0ee873db0426ca75ee46fc7	NEUTRAL	0.6622909066273466	AGAINST	0.2890457690822842	FAVOR	0.04866332429036919
97b8e6fcffded9ec3b6faf7d22e6f455	NEUTRAL	0.9096533146436504	AGAINST	0.07339691245454452	FAVOR	0.01694977290180506
7da07e52e8372e4c78a02499a32fadca	NEUTRAL	0.5566073966905681	AGAINST	0.3562838215114117	FAVOR	0.08710878179802016
35f131c2f2bd457c533adc1d37f518be	NEUTRAL	0.7179589219719402	AGAINST	0.23714105620524256	FAVOR	0.04490002182281722
18c99076c9e5f4e03d9cad61d776bee5	NEUTRAL	0.7933537068189332	AGAINST	0.16500753186389697	FAVOR	0.04163876131717
5c12760540187b3d7e10e6b735cfae27	NEUTRAL	0.6327608651252944	AGAINST	0.3120672280068403	FAVOR	0.055171906867865134
2ae02d145e0eeae3485d4596bb243d93	NEUTRAL	0.5566073966905681	AGAINST	0.3562838215114117	FAVOR	0.08710878179802016
b0a0d5b110bb5853749475c8878f0fad	NEUTRAL	0.6211959934825793	AGAINST	0.0970045407779174	FAVOR	0.2817994657395035
bc32e16700a084b5ca2566c1599805ce	NEUTRAL	0.5566073966905681	AGAINST	0.3562838215114117	FAVOR	0.08710878179802016
e6aa941feef0b54826ba189f964042b9	NEUTRAL	0.7053661985942872	AGAINST	0.2319735375782261	FAVOR	0.0626602638274868
e8027706f2d219476c14a24ddebb46e2	NEUTRAL	0.7937692406685805	AGAINST	0.1646099297093772	FAVOR	0.04162082962204226
13be8ab41176fd1d5f77ea35f02d5fa6	NEUTRAL	0.33087917999192445	AGAINST	0.278605866124447	FAVOR	0.3905149538836285
72a2aaf3b03d98d76c2ceaae4c1ff038	NEUTRAL	0.8451454699173622	AGAINST	0.14177018297774582	FAVOR	0.013084347104891892
83551f6978a7f4e27b15f7e84c5d5ed9	NEUTRAL	0.7094890678038075	AGAINST	0.2382311227972613	FAVOR	0.05227980939893111
2188561a254c13c406cdb8347c6c2d79	NEUTRAL	0.7233152178573933	AGAINST	0.17484045221232575	FAVOR	0.10184432993028102
c5c6465050e577c3db3ddcbcd02d997	NEUTRAL	0.7094890678038075	AGAINST	0.2382311227972613	FAVOR	0.05227980939893111
5ae35a881727c77b82c25f7498ab7f42	NEUTRAL	0.7136988579908622	AGAINST	0.20032438182960066	FAVOR	0.08597676017953733
3eed08e5a51c80aa41958bae0ee1a626	NEUTRAL	0.7187241492094175	AGAINST	0.15563073988720355	FAVOR	0.1256451109033789
2191baf6c0744b5c625d6e7c5af46de9	NEUTRAL	0.6752009531278476	AGAINST	0.26961121880571637	FAVOR	0.05518782806643601
c2dceab43142df03340c7e4faddebb53	NEUTRAL	0.7348726324767899	AGAINST	0.20485922156908917	FAVOR	0.06026814595412078
dc57060be1ae81d72fb738926518bc29	NEUTRAL	0.4163714758544222	AGAINST	0.2848505442328467	FAVOR	0.2987779799127311
f4447b7af35c3727dab515a0bfbea654	NEUTRAL	0.7181456179718497	AGAINST	0.22533787318066206	FAVOR	0.05651650884748825
b343c8f1940491103e058b49ffccd922	NEUTRAL	0.3762596454839122	AGAINST	0.08530392818010336	FAVOR	0.5384364263359844
b02e31cd5f16222366a17ab96a434b2f	NEUTRAL	0.8539152504186888	AGAINST	0.11722582270795323	FAVOR	0.028858926873357893
96873fb5b2e481284397dd5d2b7cc996	NEUTRAL	0.8656625477091736	AGAINST	0.10735616990035488	FAVOR	0.02698128239047166
2c8edb417c67ac0010161504a655d689	NEUTRAL	0.8004141897169353	AGAINST	0.13638973080515338	FAVOR	0.06319607947791135
9b5593bdbf5b1da9d54c049d9a673586	NEUTRAL	0.5318602911083843	AGAINST	0.1766403665396153	FAVOR	0.29149934235200037
17952b9a411b4796879605076b99d219	NEUTRAL	0.6752009531278476	AGAINST	0.26961121880571637	FAVOR	0.05518782806643601
ec9af4d8b59f41896664066067eae9fa	NEUTRAL	0.687299839292541	AGAINST	0.2839707873064361	FAVOR	0.028729373401022888
975ae1b2bb28c4c69534cad3a325bac9	NEUTRAL	0.5566073966905681	AGAINST	0.3562838215114117	FAVOR	0.08710878179802016
6c36bd2d78f71b6b25f694b94499326	NEUTRAL	0.5566073966905681	AGAINST	0.3562838215114117	FAVOR	0.08710878179802016
6c185920e752d6bf596a55ad0d829f69	NEUTRAL	0.678103599360061	AGAINST	0.2813779492727975	FAVOR	0.04051845136714145
a3587ce95da707869ed3376e5575482a	NEUTRAL	0.7540986475123361	AGAINST	0.17925383816198628	FAVOR	0.06664751432567759
9ede93c515fb3bd2f69b3c3007198330	NEUTRAL	0.605421633805285	AGAINST	0.3520593158178205	FAVOR	0.04251905037689438
8cc3fdd6df2c5c5a9e202fdae59c20a0	NEUTRAL	8.991075837127726E-5	AGAINST	0.9997322658407882	FAVOR	1.7782340084049913E-4
e6531eb978b64af3ddc44b43fff8ed37	NEUTRAL	0.7094890678038075	AGAINST	0.2382311227972613	FAVOR	0.05227980939893111
e4d47cd64d251546c43492dc608063f2	NEUTRAL	0.5566073966905681	AGAINST	0.3562838215114117	FAVOR	0.08710878179802016
6dcd571adb4cdb43f27e6c4051118454	NEUTRAL	0.35855771402017506	AGAINST	0.3097395135666653	FAVOR	0.3317027724131597
39b035e200c8aaa4229c3803637d06eb	NEUTRAL	0.34477240949093835	AGAINST	0.6080570201431913	FAVOR	0.047170570365870294
9932c768cdc05160712f792b6b757941	NEUTRAL	0.5955883658955679	AGAINST	0.3221985884510819	FAVOR	0.08221304565335026
95d85fd9bf9192017636048c0efc5933	NEUTRAL	0.18087935847085163	AGAINST	0.7444841414627223	FAVOR	0.07463650006642604
ccbea328382d6c0c194f0d96958b5266	NEUTRAL	0.5521355243885235	AGAINST	0.3080291183416358	FAVOR	0.13983535726984075
6b8650fab9e9e76062f5b63e0ebdc98e	NEUTRAL	0.766798513845053	AGAINST	0.1344394165597497	FAVOR	0.0987620695951973
c3d5533a897d4d1fa2c194b6d28651f7	NEUTRAL	0.004644615085165185	AGAINST	0.9827663009719146	FAVOR	0.012589083942920295
94162608ffc20fb934a40b52fd0de28	NEUTRAL	0.678103599360061	AGAINST	0.2813779492727975	FAVOR	0.04051845136714145
ffa5bbce6904b235f630ac9bc18056da	NEUTRAL	0.20171387797037704	AGAINST	0.7590644120719824	FAVOR	0.03922170995764058
1db1c8137dba887d07ada59ebe79ff05	NEUTRAL	0.8315080955794067	AGAINST	0.09829519397780996	FAVOR	0.0701967104427833
73cc91f7bd0462bb500c530b2400269a	NEUTRAL	0.3813916483534796	AGAINST	0.5417679714104292	FAVOR	0.07684038023609115
28cd72e5b917c4f39a28d47b5a7032ce	NEUTRAL	0.27631062133294687	AGAINST	0.5371291595613015	FAVOR	0.18656021910575163
efd40ea6ab4d5787a1d5e8f9e0334115	NEUTRAL	0.5566073966905681	AGAINST	0.3562838215114117	FAVOR	0.08710878179802016
10e67744d8b08ab11253e0b297206207	NEUTRAL	0.2809924403931801	AGAINST	0.6637221305022518	FAVOR	0.05528542910456799
2ccf87cecef7bc9c972dcf5087e8363d	NEUTRAL	0.7937916454921734	AGAINST	0.15197903884692388	FAVOR	0.0542293156609028
364a663c4d45dc0156e0f79c03c7e071	NEUTRAL	0.8321867783974847	AGAINST	0.13697715720138087	FAVOR	0.03083606440113449
1959b174563afee1e73730ba8cb62023	NEUTRAL	0.8163935687499045	AGAINST	0.1616874396552084	FAVOR	0.02191899159488712
2bb15bcf2db91b53be81c3a5e935984b	NEUTRAL	0.3199091598057057	AGAINST	0.6595553001477584	FAVOR	0.020535540046535822
4ae680bc237b70153a9a09bc7b5d18da	NEUTRAL	0.121866395213112	AGAINST	0.835271906423814	FAVOR	0.04286169836307395
cfe2895aefb61116798cb0075b379fab	NEUTRAL	0.7094890678038075	AGAINST	0.2382311227972613	FAVOR	0.05227980939893111
b6da6f90e9231ca432ced2506f191d98	NEUTRAL	0.7754516349940965	AGAINST	0.16618638684481613	FAVOR	0.05836197816108734
5e09ffe03efb66c8940f9d578da0241	NEUTRAL	0.17668344906304947	AGAINST	0.7750029653962436	FAVOR	0.04831358554070692
4c8256a2acb2cdbf67907fc298f6b6f5	NEUTRAL	0.34477240949093835	AGAINST	0.6080570201431913	FAVOR	0.047170570365870294
c8aea1401d8982c04566677a81961524	NEUTRAL	0.7094890678038075	AGAINST	0.2382311227972613	FAVOR	0.05227980939893111
f7354c423e9bdf919d732dac4f20206d	NEUTRAL	0.7203905414430911	AGAINST	0.20775979881385978	FAVOR	0.07184965974304908
70dd4a1fa4b2a15201e66939d01adfbf	NEUTRAL	0.7094890678038075	AGAINST	0.2382311227972613	FAVOR	0.05227980939893111
46b563cfac3be4a4f978b5822f6a2836	NEUTRAL	0.6580328413540282	AGAINST	0.2956242318655799	FAVOR	0.04634292678039193
85431d0641863724616b6ef4b96a1fe6	NEUTRAL	0.48086231173323424	AGAINST	0.49533718899600965	FAVOR	0.023800499270755993
2d4cda5d2378f8f58a4cfebcdcfa9f29	NEUTRAL	0.7908638817428868	AGAINST	0.20128030231907218	FAVOR	0.007855815938041041
4d41894a5ce378aa69767229e94a31d2	NEUTRAL	0.7280356558289863	AGAINST	0.2062490502377957	FAVOR	0.06571529393321794
8723137c942abc082a379f09bb2ee90d	NEUTRAL	0.3641698977615581	AGAINST	0.5664509469341725	FAVOR	0.06937915530426932
e0c06d438a3dd794ddd70001fff8bd90	NEUTRAL	0.7181456179718497	AGAINST	0.22533787318066206	FAVOR	0.05651650884748825
142618ab4aa2a0063772fd5ddb77c4f0	NEUTRAL	0.847220319834967	AGAINST	0.11206417500191469	FAVOR	0.04071550516311836
55b9216906d562442212b685e6abf109	NEUTRAL	0.2919073122711687	AGAINST	0.6571892169203257	FAVOR	0.05090347080850551
632ff6e2a8ea50228e3926beecc36e4e	NEUTRAL	0.7094890678038075	AGAINST	0.2382311227972613	FAVOR	0.05227980939893111
d811deeaf0d94127e39f898fa52c6529	NEUTRAL	0.5397707457920268	AGAINST	0.38844108047408465	FAVOR	0.0717881737338886
ce2de5a597792446afc43ddcde81944a	NEUTRAL	0.5566073966905681	AGAINST	0.3562838215114117	FAVOR	0.08710878179802016
190338997537d4381f0c44f17e523416	NEUTRAL	0.5566073966905681	AGAINST	0.3562838215114117	FAVOR	0.08710878179802016
a1a2d3d558e0c8058f838ffba8ff76fd	NEUTRAL	0.009671650994639782	AGAINST	0.986062444950087	FAVOR	0.0042659040552731654
209447480614fa7c9752707ffd24bdd2	NEUTRAL	0.5566073966905681	AGAINST	0.3562838215114117	FAVOR	0.08710878179802016
4bf3651131105b344560f21d3e2ee08e	NEUTRAL	0.7181456179718497	AGAINST	0.22533787318066206	FAVOR	0.05651650884748825
4375011a546e8b7aa21bbe0f187f143f	NEUTRAL	0.4353839734356453	AGAINST	0.5343833496038598	FAVOR	0.030232676960494927
98fa6d94ec34e40aec65f3a0335f6418	NEUTRAL	0.02669666516659036	AGAINST	0.9609418959508069	FAVOR	0.01236143888260289
2dcaa25b651072288a35256b20c2787e	NEUTRAL	0.7094890678038075	AGAINST	0.2382311227972613	FAVOR	0.05227980939893111
da6e2dbeeb0ca8f40b80fab9c9fd0c64	NEUTRAL	0.008080624716196267	AGAINST	0.9878434440018705	FAVOR	0.004075931281933119
60d8f6cd4ea8414f1c23d92d0887218e	NEUTRAL	0.8993722737290786	AGAINST	0.05136013553960346	FAVOR	0.04926759073131805
2eb3c9ae97e6b59474b2219e9ed562b0	NEUTRAL	0.6701128752902695	AGAINST	0.2583671190736495	FAVOR	0.07152000563608094
fee87caf5f4149a956681403af6665ea	NEUTRAL	0.09765205374839361	AGAINST	0.8852044087687493	FAVOR	0.017143537482856987
5c37ca4d81215068b2956e21a7a895ee	NEUTRAL	0.42062923019604015	AGAINST	0.49436036663591854	FAVOR	0.08501040316804129
83ce5080e923d7bd52ae567e338f27ca	NEUTRAL	0.5566073966905681	AGAINST	0.3562838215114117	FAVOR	0.08710878179802016
658ebe5bb005e58bc38a22c38516f776	NEUTRAL	0.18716121222995924	AGAINST	0.7596224972741904	FAVOR	0.053216290495850326
136b73b4fdc6f0701d3482d7ac4dd235	NEUTRAL	0.5566073966905681	AGAINST	0.3562838215114117	FAVOR	0.08710878179802016
bb90a45a63d23cb6c3b67ae03793c9d8	NEUTRAL	0.17530479714616287	AGAINST	0.7699178317864059	FAVOR	0.05477737106743109
b9df1a6009cf88b27dff123b8c972592	NEUTRAL	0.2809924403931801	AGAINST	0.6637221305022518	FAVOR	0.05528542910456799
758b25d7c01d24a63f2f3e0df04a54da	NEUTRAL	0.5768726457041741	AGAINST	0.3380125004912263	FAVOR	0.0851148538045997
10462e56a25286e767747d6a37e12f9e	NEUTRAL	0.5566073966905681	AGAINST	0.3562838215114117	FAVOR	0.08710878179802016
e3566fdd86aa37a1f7f9151bf0fddfc8	NEUTRAL	0.8230003150606119	AGAINST	0.15768037372114363	FAVOR	0.01931931121824455
8a18d05401604a6d5a0d355693d37860	NEUTRAL	0.7634929213137109	AGAINST	0.2211408279319662	FAVOR	0.0153662507543227
dcb41d683868b98934f9621bf0c3e01b	NEUTRAL	0.7804500092287806	AGAINST	0.2010667808452986	FAVOR	0.018483209925920754
a404810b84ebb2d1f9b3faeaae8f6edb	NEUTRAL	0.5566073966905681	AGAINST	0.3562838215114117	FAVOR	0.08710878179802016
b0cd9263876539e9ba1879e718f7acda	NEUTRAL	0.5256411675978391	AGAINST	0.44192023144095893	FAVOR	0.03243860096120198
cc91282efcb59a2110c56679d07ff4cf	NEUTRAL	0.7094890678038075	AGAINST	0.2382311227972613	FAVOR	0.05227980939893111
f4f7d71fbe7a8e57b248f4afd1eb30c8	NEUTRAL	0.08176726761459925	AGAINST	0.9064865826428585	FAVOR	0.01174614974254229
8c5dd90a7a1a39b1877bb5e44cfa112e	NEUTRAL	0.6390056256168338	AGAINST	0.32274968256450265	FAVOR	0.038244691818663544
59b9d086fe944e905fcdaa90cc890c45	NEUTRAL	0.40491784686584276	AGAINST	0.5519061354544968	FAVOR	0.04317601767966047
8fa19ab68604de6c1f45eddffb9b353b	NEUTRAL	0.029331933680876582	AGAINST	0.9616096299932426	FAVOR	0.009058436325880784
6c618de942f863704f4ed6f0d4d08626	NEUTRAL	0.8055423078835965	AGAINST	0.1817232557783966	FAVOR	0.012734436338006918
559abe44c572c36a999a1f93f99ecae5	NEUTRAL	0.24865861116600563	AGAINST	0.7358151363165968	FAVOR	0.01552625251739762
44f9ed88f5f6d8e896072c4a01c74819	NEUTRAL	0.5566073966905681	AGAINST	0.3562838215114117	FAVOR	0.08710878179802016
cfdc0c8b938d3793d7f0c80cf21be38e	NEUTRAL	0.5179621279741492	AGAINST	0.44880568092969575	FAVOR	0.03323219109615508
3d07ad22d7a73420ffbaf5335f59e5b	NEUTRAL	0.637096100357246	AGAINST	0.26041918179417123	FAVOR	0.10248471784858271
e9863c144546256747c76d7f62a5707c	NEUTRAL	0.6565068810074643	AGAINST	0.23985323900084882	FAVOR	0.10363987999168686
aa268ee95d74b05fe805b863a94015d3	NEUTRAL	0.05375775109743965	AGAINST	0.9323160418335337	FAVOR	0.013926207069026688
87990c87217da4fa673b6d6d4aae9df3	NEUTRAL	0.4051009069533708	AGAINST	0.5750885381953013	FAVOR	0.019810554851327974
96ab4c7443c054a157217c6720a6e060	NEUTRAL	0.4550343539978594	AGAINST	0.462412766597127	FAVOR	0.08255287940501349
b0dd371366874bd052416bafe3700a07	NEUTRAL	0.7094890678038075	AGAINST	0.2382311227972613	FAVOR	0.05227980939893111
8e1879e0f3490e48fcb351e9304313af	NEUTRAL	0.7206138722714873	AGAINST	0.15556334796037394	FAVOR	0.12382277976813884
97be5685113ffb539068cf9499955d3a	NEUTRAL	0.5566073966905681	AGAINST	0.3562838215114117	FAVOR	0.08710878179802016
902d48dddf159c4e1065fd29a35c1868	NEUTRAL	0.8977504355159313	AGAINST	0.07395093114536122	FAVOR	0.028298633338707562
1c5de92e299b4e9391711db69d44b91c	NEUTRAL	0.10323202435140696	AGAINST	0.8869060573037066	FAVOR	0.009861918344886518
f989da4bd1d7b39b5bee3b90b22fd17a	NEUTRAL	0.5566073966905681	AGAINST	0.3562838215114117	FAVOR	0.08710878179802016
67c99977e2ff714702b895db942f1ccd	NEUTRAL	0.5566073966905681	AGAINST	0.3562838215114117	FAVOR	0.08710878179802016
fb53f64936220a415019fc88d74c7a	NEUTRAL	0.7094890678038075	AGAINST	0.2382311227972613	FAVOR	0.05227980939893111
d3b24c06b4cc7a077cfd9867103c4bc3	NEUTRAL	0.9151901005811454	AGAINST	0.07355008865358297	FAVOR	0.01125981076527163
3e9bb4d9484693956cd0f2bb2a02a362	NEUTRAL	0.8844611793061542	AGAINST	0.05346705867160608	FAVOR	0.06207176202223977
9c449d8fffdb24e8c4598678f2ba1b26	NEUTRAL	0.5506280240290866	AGAINST	0.3558598740562028	FAVOR	0.0935121019147106
293a76027a8470b024b0c0386a28f00c	NEUTRAL	0.6895698473214766	AGAINST	0.24104492051616164	FAVOR	0.06938523216236182
44a80595edc2f8fed5805094c4e39f9d	NEUTRAL	0.004331193102282274	AGAINST	0.9919104734252212	FAVOR	0.00375833347249662
8a4323d7e8c166f094d4888d0d432696	NEUTRAL	0.29149349256843643	AGAINST	0.6691610620870398	FAVOR	0.03934544534452376
b51a180e8e7720431d657c903f2b2c77	NEUTRAL	0.7270718932063742	AGAINST	0.18728779703103526	FAVOR	0.08564030976259053
1b80d53c068139b08370d84fd0315d59	NEUTRAL	0.022865447795251546	AGAINST	0.9706157244280404	FAVOR	0.006518827776708029
29f49e3169970484fc718bd4f49aceab	NEUTRAL	0.4646032008542369	AGAINST	0.4886926253488708	FAVOR	0.0467041737968923
84a7953d7988f05a6d76411999a9bb43	NEUTRAL	0.5566073966905681	AGAINST	0.3562838215114117	FAVOR	0.08710878179802016
fdcb946473a4cebf1da0f736c2d187a2	NEUTRAL	0.5405254035327179	AGAINST	0.36454217827445656	FAVOR	0.09493241819282545
ee7c4cb69339806a5fa2505fec76fbf1	NEUTRAL	0.024371327484110195	AGAINST	0.9718659942229013	FAVOR	0.003762678292988491
2fc85595a3f6f5a42e64efcf884b3d55	NEUTRAL	0.7094890678038075	AGAINST	0.2382311227972613	FAVOR	0.05227980939893111
11a889b5a97a83eb65ef8d81f99c95ff	NEUTRAL	0.7370625032687781	AGAINST	0.14789333986952896	FAVOR	0.11504415686169281
5b49158951f56f2f478847fc24c5e3dd	NEUTRAL	0.05505059518472149	AGAINST	0.9281253046972129	FAVOR	0.01682410011806565
5c28d5eee40f257c31387635b7423f80	NEUTRAL	0.5995350161139889	AGAINST	0.276395648344476	FAVOR	0.1240693355415352
b4c1b16a76e81eceffcbfba06307784d	NEUTRAL	0.8844611793061542	AGAINST	0.05346705867160608	FAVOR	0.06207176202223977
4e14257a1a16d69378e6ceb832877062	NEUTRAL	0.289381387255523	AGAINST	0.639828859931665	FAVOR	0.07078975281281208
bd1273c4cd4e2efc314670708e5ef7c5	NEUTRAL	0.7094890678038075	AGAINST	0.2382311227972613	FAVOR	0.05227980939893111
e20688e1ef2ad83e9d20cef9b14f1273	NEUTRAL	0.7094890678038075	AGAINST	0.2382311227972613	FAVOR	0.05227980939893111
27c2dd99a2efd6aa771aabc34e15e870	NEUTRAL	0.7348726324767899	AGAINST	0.20485922156908917	FAVOR	0.06026814595412078
eb72b9a24e0c8c9fc7afbae36151ef7c	NEUTRAL	0.5566073966905681	AGAINST	0.3562838215114117	FAVOR	0.08710878179802016
6ed4a7e95ebe05899745adaecae12f52	NEUTRAL	0.010858433742751333	AGAINST	0.9849351529294242	FAVOR	0.004206413327824281
d890dfd62b238477f484a813063e1bcc	NEUTRAL	0.4712337415580516	AGAINST	0.2784854612096587	FAVOR	0.25028079723228974
c2450b0bbd986f8d2ab8f8763753ecfa	NEUTRAL	0.006385832233952591	AGAINST	0.9911598337872302	FAVOR	0.002454333978817087
749e967ec51ef814280da40e8b0c955	NEUTRAL	0.6061013086533296	AGAINST	0.3169316034452065	FAVOR	0.07696708790146392
ca1b4a6c74f6b89fc9b655a37914229	NEUTRAL	0.023503660282879934	AGAINST	0.9715443513935254	FAVOR	0.004951988323594774
fe0fff65b50ac55cac5acfa55f40ca91	NEUTRAL	0.6851516188091132	AGAINST	0.2571481737427817	FAVOR	0.057700207448105174
3fccb9d0a0e23f079410c90dea10122	NEUTRAL	0.4820960002631893	AGAINST	0.36552218071501946	FAVOR	0.15238181902179113
ae6c84aabf093968fb666113a8c7ee53	NEUTRAL	0.0037743133592736517	AGAINST	0.9932918488077043	FAVOR	0.002933837833022164
bab936a523a490f9b2e7214317e65a5a	NEUTRAL	0.6519960371787009	AGAINST	0.2970039174552812	FAVOR	0.051000045366017925
5ee27a4e4173d0861c5def543fe3805a	NEUTRAL	0.6050454121715351	AGAINST	0.34859959883656044	FAVOR	0.04635498899190458
ca5510a41b5b9c0462a2bd8a04bd60f1	NEUTRAL	0.45659655796746734	AGAINST	0.18680388133113973	FAVOR	0.3565995607013929
5b850d9f8403f14a65368f349ecaef8	NEUTRAL	0.5566073966905681	AGAINST	0.3562838215114117	FAVOR	0.08710878179802016
e0797480097d4caa44d48a9b0715d1b5	NEUTRAL	0.5041196564793242	AGAINST	0.37214476546159764	FAVOR	0.12373557805907816
39e1c45cb42127820e7e5b38bba3c346	NEUTRAL	0.6121538179049176	AGAINST	0.31726334800184697	FAVOR	0.07058283409323537
f873e3c66ea1e47e622c4a009c496c3d	NEUTRAL	0.38039780309570453	AGAINST	0.5778241310763338	FAVOR	0.041778065827961605
e9b0ac3ed28abde9a8d21c0816fe88c6	NEUTRAL	0.40917864822229266	AGAINST	0.545265589399341	FAVOR	0.0455557623783664
5c6c308210ce62c2e8d70b0e6593532d	NEUTRAL	0.3787420226227841	AGAINST	0.5592028607433722	FAVOR	0.06205511663384367
64f1f1494dedd65a1de2f467ac4fd008	NEUTRAL	0.7667091445570274	AGAINST	0.18744350054663672	FAVOR	0.04584735489633566
bd51d7bf36386d4a79d8f2514f5cd5cc	NEUTRAL	0.5265523784696625	AGAINST	0.41442874299154275	FAVOR	0.05901887853879466
b7fa1b6a9d57d4ed9bc43b93ea854f89	NEUTRAL	0.678103599360061	AGAINST	0.2813779492727975	FAVOR	0.04051845136714145
175fe4fa0cd37e9756e319aa900b5911	NEUTRAL	0.5566073966905681	AGAINST	0.3562838215114117	FAVOR	0.08710878179802016
aa21d4fc11b91a964c58d38c5ea858b	NEUTRAL	0.4705115678713909	AGAINST	0.4423572978047492	FAVOR	0.08713113432385992
2d7bdab2b327df2b250d58cefcffaf92	NEUTRAL	0.8919962518786206	AGAINST	0.030092849555137493	FAVOR	0.07791089856624189
782110f9bc04910c9483be9368f48c65	NEUTRAL	0.7094890678038075	AGAINST	0.2382311227972613	FAVOR	0.05227980939893111
67bf951d95e5a10721094915e3cbaf7f	NEUTRAL	0.25070321397632206	AGAINST	0.7142700908356481	FAVOR	0.035026695188029935
d3c238d4e2dc2cc427c40f38bcdae757	NEUTRAL	0.7623482157190581	AGAINST	0.16952999136988134	FAVOR	0.06812179291106067
c85dea53b96e1158be4c7f9dba588a31	NEUTRAL	0.5566073966905681	AGAINST	0.3562838215114117	FAVOR	0.08710878179802016
c6ed90fcc24759b49677255800ce4a4c	NEUTRAL	0.22394884131766477	AGAINST	0.7408516169345845	FAVOR	0.03519954174775092
9f087c2203f4202b0d580a09571d7a7b	NEUTRAL	0.6752769641448529	AGAINST	0.2967177069323168	FAVOR	0.028005328922830197
aa7de814534fe326677bb2b112c03c0	NEUTRAL	0.7233152178573933	AGAINST	0.17484045221232575	FAVOR	0.10184432993028102
9e929f341730509c178c2f200c5639d0	NEUTRAL	0.03782340841615786	AGAINST	0.9518595097179802	FAVOR	0.010317081865862053
ae9a0fff70289459838e3f15f1629ebd	NEUTRAL	0.09967059424941738	AGAINST	0.8733461703340177	FAVOR	0.02698323541656472
2754bd05636466d63aba2b263b1a489b	NEUTRAL	0.0040819915936807566	AGAINST	0.9924245388539392	FAVOR	0.003493469552380135
d0ab60acea275bb47a9f250662a44ad8	NEUTRAL	0.5566073966905681	AGAINST	0.3562838215114117	FAVOR	0.08710878179802016
c501c6b843af52c06e502a5ac4577258	NEUTRAL	0.2738421920266362	AGAINST	0.5565293811986376	FAVOR	0.1696284267747262
d9c4983144c4b35bd46d911a15abbfa	NEUTRAL	0.18347136297280414	AGAINST	0.77941820207861	FAVOR	0.037110434948585895
918b945c9564c425ef1b73698b36b54f	NEUTRAL	0.4637746647722341	AGAINST	0.4890827427564223	FAVOR	0.04714259247134357
33f669ff1f6ae899d48d553d03d9f001	NEUTRAL	0.0937050924322139	AGAINST	0.8967480025985144	FAVOR	0.00954690496927161
663b45ee928706922b1e5d0b58166b69	NEUTRAL	0.6951634781054865	AGAINST	0.2631355776377175	FAVOR	0.041700944256796026
cc55d59cb7ffb1e6cc9fbf762dd2d4c4	NEUTRAL	0.01541563034843566	AGAINST	0.9790303574804733	FAVOR	0.0055540121710910785
1d55dd8b8b2be24bf94fc61a483fce03	NEUTRAL	0.5521355243885235	AGAINST	0.3080291183416358	FAVOR	0.13983535726984075
72a3a8670505c6c707fdd8098787f05f	NEUTRAL	0.37067021584525545	AGAINST	0.6029777686893454	FAVOR	0.02635201546539916
cef889458b9d82589e008ef9622a4a6f	NEUTRAL	0.7963274442794268	AGAINST	0.1658968720785605	FAVOR	0.03777568364201258
2a40c699f0710cf9acc6316b4e5aa63e	NEUTRAL	0.6397909006570096	AGAINST	0.30483761859147823	FAVOR	0.055371480751512235
2c1c15026056e96b38924463af088408	NEUTRAL	7.506876155283733E-4	AGAINST	0.9984628124467839	FAVOR	7.864999376878494E-4
ad080d731e0fb72577d5da5183b8dcd6	NEUTRAL	0.09967059424941738	AGAINST	0.8733461703340177	FAVOR	0.02698323541656472
e9fa6ae3a86b02c18c1c56736e52033c	NEUTRAL	0.394647618893058	AGAINST	0.4849171409461911	FAVOR	0.12043524016075088
ba63b48c88a1abd1b217c931c85cd36e	NEUTRAL	0.1841131916664623	AGAINST	0.790822153606875	FAVOR	0.025064654726662663
931ccb7eb12b92f8c26458f2f0dff2ca	NEUTRAL	0.7298826789889492	AGAINST	0.23180357512008892	FAVOR	0.038313745890961856
beea93caaf13c1191288741f76a66414	NEUTRAL	0.5566073966905681	AGAINST	0.3562838215114117	FAVOR	0.08710878179802016
1b2ed5a31963479e8511db755753b892	NEUTRAL	0.16783660030820027	AGAINST	0.8119654148082062	FAVOR	0.020197984883593447
6ca6802fa579798140762adc6c229101	NEUTRAL	0.566525028941315	AGAINST	0.4260094962369649	FAVOR	0.00746547482172012
e8e74aaffbd7d3a3983b186dd5d698be	NEUTRAL	0.9446813741118764	AGAINST	0.047529511529358144	FAVOR	0.0077891143587655535
d069b9c4640b709cef2badee5354d6cf	NEUTRAL	0.05405800632369335	AGAINST	0.9280873383554805	FAVOR	0.017854655320826026
d47ce2a7c6520c0cee0c05c8f2f7f169	NEUTRAL	0.37067021584525545	AGAINST	0.6029777686893454	FAVOR	0.02635201546539916
1cd47967d82f0651317dd7270251c480	NEUTRAL	0.5566073966905681	AGAINST	0.3562838215114117	FAVOR	0.08710878179802016
819d17de91aad462cd8624d794e40d99	NEUTRAL	0.018145045951750594	AGAINST	0.9703138097779868	FAVOR	0.011541144270262815
a82431c09a27964eee7aa6e845a3d230	NEUTRAL	0.004815982834158132	AGAINST	0.9941621052599305	FAVOR	0.0010219119059113745
de90720df5a19b53cbe2fab148e3e4c	NEUTRAL	0.931996623687011	AGAINST	0.05843471026011444	FAVOR	0.009568666052874611
e88865ddc4a43fbebfd88f4cec75c97f	NEUTRAL	0.02144117059403784	AGAINST	0.9732590427722885	FAVOR	0.005299786633673678
1b571c32afbef959e7ffbc8cd5aeab8f	NEUTRAL	0.030344520158379514	AGAINST	0.9587669729883027	FAVOR	0.010888506853317818
bc2cec2fbe4ed15e5f4f37beecc74723	NEUTRAL	0.22543183770990066	AGAINST	0.7581370046009241	FAVOR	0.016431157689175097
13991f6d48570e7690192b5bbd5364f9	NEUTRAL	0.24508878809561746	AGAINST	0.7199505235126958	FAVOR	0.03496068839168676
523795916f028cc06914d437a95343b0	NEUTRAL	0.57110258380967	AGAINST	0.34312930377675416	FAVOR	0.0857681124135758
b445ab5c334fec699e801d51bf041be8	NEUTRAL	0.7044647491578166	AGAINST	0.210578379149451	FAVOR	0.08495687169273236
fd285ad4ae68b352e200cc155fb60d6d	NEUTRAL	0.648252704340132	AGAINST	0.31716241957922886	FAVOR	0.034584876080639204
b259582aebbec72ca908ca3bc6752145	NEUTRAL	0.6580328413540282	AGAINST	0.2956242318655799	FAVOR	0.04634292678039193
f8ca596cea58c0aa5dd3fe7b25fd6b97	NEUTRAL	0.5566073966905681	AGAINST	0.3562838215114117	FAVOR	0.08710878179802016
3aaa0912e98b146697ce3ce6223f3f74	NEUTRAL	0.5566073966905681	AGAINST	0.3562838215114117	FAVOR	0.08710878179802016
c14cde19ba641a8845aeb2aa8f1391d8	NEUTRAL	0.02828573831818027	AGAINST	0.9626252502585585	FAVOR	0.009089011423261158
690205617349b7c652be1224b257493e	NEUTRAL	0.7094890678038075	AGAINST	0.2382311227972613	FAVOR	0.05227980939893111
fcecee7a6e47e66f34cc9804ebeacbeb	NEUTRAL	0.5566073966905681	AGAINST	0.3562838215114117	FAVOR	0.08710878179802016
4d5018212729bbaba42f5916a27b1638	NEUTRAL	0.7181456179718497	AGAINST	0.22533787318066206	FAVOR	0.05651650884748825
777f357744c617f24dcc1577946fa17c	NEUTRAL	0.5575412033842515	AGAINST	0.24762831052484977	FAVOR	0.19483048609089867
7bcdd46566709a7a3b4152e80cc7e4d7	NEUTRAL	0.7732338927809074	AGAINST	0.17643959638536627	FAVOR	0.05032651083372635
7fc6f662a188ce6b641a44d3f0252820	NEUTRAL	0.3125531340734505	AGAINST	0.6486393080550085	FAVOR	0.038807557871540985
cefe8aedc6c65dd373a4828a79c899b4	NEUTRAL	0.678103599360061	AGAINST	0.2813779492727975	FAVOR	0.04051845136714145
3c1b7c5823101d9a2f5d041d42f5eac1	NEUTRAL	0.685274340008684	AGAINST	0.22190951118953428	FAVOR	0.09281614880178166
ebec58db4af6c06ccb804d930ab1e329	NEUTRAL	0.006859491564190287	AGAINST	0.9912910981652281	FAVOR	0.0018494102705815208
c34c186506a287ce8d625ca025d1bb83	NEUTRAL	0.6851516188091132	AGAINST	0.2571481737427817	FAVOR	0.057700207448105174
11d07c1d02e8e612c9df46997742349d	NEUTRAL	0.023825145752576195	AGAINST	0.9724233948241162	FAVOR	0.003751459423307625
63470ba2bdc80cad60e7bfa7ff8ac570	NEUTRAL	0.08113431399068848	AGAINST	0.8967620505652351	FAVOR	0.022103635444076532
28c6673c7221db191979f7bc0043d8f2	NEUTRAL	0.2169127625046245	AGAINST	0.7665043024988816	FAVOR	0.01658293499649392
1e750c38b910f724fa2f96c981596e6	NEUTRAL	0.5566073966905681	AGAINST	0.3562838215114117	FAVOR	0.08710878179802016
dc4d52e1db7c00b7f2af35a2a8d7c733	NEUTRAL	0.02486034146875959	AGAINST	0.9730583466224725	FAVOR	0.002081311908767845
4b694e10159b016136a9eebf45edc5b9	NEUTRAL	0.4677869353328317	AGAINST	0.45378382315199034	FAVOR	0.078429241515178
36f1288d24e86e9ef0e68ecae4505f34	NEUTRAL	0.19889153668331908	AGAINST	0.7783747594835452	FAVOR	0.02273370383313587
da6826928061d32678b60182ea5a6d2f	NEUTRAL	0.09543789992363974	AGAINST	0.8801690042109873	FAVOR	0.02439309586537297
e824b31ca4caf28053e4ec16d746a3b6	NEUTRAL	0.18729341892277185	AGAINST	0.7917809357625644	FAVOR	0.0209256453146637
ed668a304238f81872bfef650ec6588a	NEUTRAL	0.03712075299846358	AGAINST	0.9439470780846874	FAVOR	0.01893216891684898
41f924f694ae57e15a753b5603a65569	NEUTRAL	0.6968448031963808	AGAINST	0.22866381539142594	FAVOR	0.07449138141219322
aff4fe5e4998a13aada9cc5f4db22f1	NEUTRAL	0.12140409826646859	AGAINST	0.8515604336970224	FAVOR	0.02703546803650895
7cd631d0b4352adcdee6345e1a1cdccc	NEUTRAL	0.7094890678038075	AGAINST	0.2382311227972613	FAVOR	0.05227980939893111
db3728686a3a97788fdc32dbe95af3f2	NEUTRAL	0.07047095547885789	AGAINST	0.9069540719958757	FAVOR	0.022574972525266388
a5aa8793ab2e4fdca607f2aba726fe81	NEUTRAL	0.022557881951292963	AGAINST	0.9656399257298399	FAVOR	0.011802192318867068
e257cc1e8f27c808ded6ae763d6fa516	NEUTRAL	0.690809393296383	AGAINST	0.24698841437604713	FAVOR	0.06220219232756991
41eaf27913fb7ff463a2777aa92ad67c	NEUTRAL	0.7437338089768534	AGAINST	0.20763012404086656	FAVOR	0.04863606698228007
f9dd43c473d119fdea21dc53f54b3472	NEUTRAL	0.8948434770807235	AGAINST	0.0869083104796751	FAVOR	0.018248212439601303
256e342b306ee33481eaa6d185eecea3	NEUTRAL	0.894106070743405	AGAINST	0.08181276759895295	FAVOR	0.02408116165764207
11a76914162fdc53a43d73cf448c5d24	NEUTRAL	0.33087917999192445	AGAINST	0.278605866124447	FAVOR	0.3905149538836285
fbcde83b7681cb7be52df59fea7971ab	NEUTRAL	0.6849273439432328	AGAINST	0.27863942705523775	FAVOR	0.036433229001529455
1b608d765ba8e1c2329712a28aaa71fb	NEUTRAL	0.14089233567438822	AGAINST	0.7975856928267263	FAVOR	0.061521971498885476
928bdc7d93992459b1db6eb917af8fa1	NEUTRAL	0.5566073966905681	AGAINST	0.3562838215114117	FAVOR	0.08710878179802016
ba5837f41678597f61fd516f031198c8	NEUTRAL	0.866861926414016	AGAINST	0.06325217147464746	FAVOR	0.06988590211133654
f9c18b586b9da74791e5f7e2429c2cc6	NEUTRAL	0.18960464549961462	AGAINST	0.7406804296636124	FAVOR	0.06971492483677301
7180b15d2fb00a611d76026007a3f921	NEUTRAL	0.7420298637155992	AGAINST	0.2188359126470587	FAVOR	0.039134223637342105
9da1a7c48c5c10fae65d9c0c1c5faa24	NEUTRAL	0.6899777296728492	AGAINST	0.2492910130653786	FAVOR	0.06073125726177216
5accf1c6718f066861b0262fffd8235e	NEUTRAL	0.8646596147733389	AGAINST	0.12180614186290425	FAVOR	0.013534243363756927
705faa9e6051c9be63ae8ab6411a1974	NEUTRAL	0.5566073966905681	AGAINST	0.3562838215114117	FAVOR	0.08710878179802016
f74a1c23b2306f33306807eba3e54066	NEUTRAL	0.7094890678038075	AGAINST	0.2382311227972613	FAVOR	0.05227980939893111
b930e1b6b36ffd5bfc20d3c3265fffa2	NEUTRAL	0.5566073966905681	AGAINST	0.3562838215114117	FAVOR	0.08710878179802016
9413744f2d49080067a9eb5eb4012f50	NEUTRAL	0.5566073966905681	AGAINST	0.3562838215114117	FAVOR	0.08710878179802016
738fe59eaf79dfcef94ea96c01f10cb4	NEUTRAL	0.06805111957157145	AGAINST	0.9129829183684177	FAVOR	0.018965962060010947
a0f6642c8c22d307f74ed8ae1589cb80	NEUTRAL	0.6196381964325051	AGAINST	0.2612909572119089	FAVOR	0.1190708463555861
b6dad2ffbfe63aadd6ea3e58a9748d45	NEUTRAL	0.4039765030454715	AGAINST	0.5282938938864533	FAVOR	0.06772960306807503
1744e679930038e91a9328fff8897ada	NEUTRAL	0.678103599360061	AGAINST	0.2813779492727975	FAVOR	0.04051845136714145
b85544ff8752a9389e4384d328f11f1d	NEUTRAL	0.6906970258347931	AGAINST	0.20970704023896808	FAVOR	0.09959593392623882
2bfd8a9d494322226ba6273bf202319c	NEUTRAL	0.3705327829432582	AGAINST	0.5484504194005126	FAVOR	0.08101679765622917
99704466c70c86348f054d355c4f502e	NEUTRAL	0.5566073966905681	AGAINST	0.3562838215114117	FAVOR	0.08710878179802016
bf8d42b853bd67176324ddca64a0376f	NEUTRAL	0.7826538432151955	AGAINST	0.17989934253937953	FAVOR	0.037446814245424904
597d6b4729cffe952c35c1b2bb64034c	NEUTRAL	0.404374720195869	AGAINST	0.5292774832625822	FAVOR	0.06634779654154889
bcf6ddd1dc85a456bee549a65b5f7274	NEUTRAL	0.3819830123059114	AGAINST	0.5991888899165622	FAVOR	0.018828097777526476
7e8d755e36de4b7569091f892f144c75	NEUTRAL	0.5896031990037383	AGAINST	0.31449472155531727	FAVOR	0.09590207944094449
bd5cf5baff2157bbe22156394548158f	NEUTRAL	0.005931189881681586	AGAINST	0.9864085958175061	FAVOR	0.0076602143008124065
c4707aebddc5591756758336ad256b6f	NEUTRAL	0.6967107653857846	AGAINST	0.2692798069055841	FAVOR	0.034009427708631176
3df6be3d56454e62d6585b7746778088	NEUTRAL	0.5605148855274885	AGAINST	0.23137404237995962	FAVOR	0.20811107209255195
f8fddc714edb0da9bd06ab9393d3158	NEUTRAL	0.6793237721669985	AGAINST	0.2711643398919983	FAVOR	0.04951188794100323
fbf5a39060f03c1dc9118c029afb03e8	NEUTRAL	0.5335601658100413	AGAINST	0.42130743511069224	FAVOR	0.04513239907926656
65e160840351dd1060a90a1200889dcf	NEUTRAL	0.7094890678038075	AGAINST	0.2382311227972613	FAVOR	0.05227980939893111
e584860a6f43d720cae01b6077a679b8	NEUTRAL	0.5566073966905681	AGAINST	0.3562838215114117	FAVOR	0.08710878179802016
23c587eee36fe218b49314fa3134578	NEUTRAL	0.6417031545817453	AGAINST	0.2446185852851305	FAVOR	0.11367826013312415
655e62a23696a3c89c413e3285daf9c6	NEUTRAL	0.4786702644432414	AGAINST	0.16104403496293665	FAVOR	0.36028570059382203
267ff061caad7205d3866a785b3259f9	NEUTRAL	0.5566073966905681	AGAINST	0.3562838215114117	FAVOR	0.08710878179802016
86191f3c8ca8c33f2b6831851e1c1ae1	NEUTRAL	0.7094890678038075	AGAINST	0.2382311227972613	FAVOR	0.05227980939893111
e888f6f7938d609da88cf51842a94069	NEUTRAL	0.8193592765577087	AGAINST	0.1534602365433187	FAVOR	0.02718048689897256
223aec5b9eddbc2a4488b48761a16ba2	NEUTRAL	0.8345934071384474	AGAINST	0.11052089823873847	FAVOR	0.054885694622814
7f6130c4c75b96c9e107e8bab95be6f0	NEUTRAL	0.7094890678038075	AGAINST	0.2382311227972613	FAVOR	0.05227980939893111
b608ff36a191a36b6b63c34c0fc5460d	NEUTRAL	0.9374090095809247	AGAINST	0.03907031990088225	FAVOR	0.02352067051819306
f75724c65297870bfeb5028fc2ff99c2	NEUTRAL	0.5890320545976414	AGAINST	0.3269249645342055	FAVOR	0.08404298086815312
ed9b3fb566069bdc48236881a5aff6cd	NEUTRAL	0.7094890678038075	AGAINST	0.2382311227972613	FAVOR	0.05227980939893111
5286baafb7e80b3068b409ff3cb1385d	NEUTRAL	0.7804500092287806	AGAINST	0.2010667808452986	FAVOR	0.018483209925920754
e30b260f7101646041e5ecd0eafa00	NEUTRAL	0.4123846666128354	AGAINST	0.4211198751254845	FAVOR	0.1664954582616802
3639d35a309e3d7f1f95554e8e850e56	NEUTRAL	0.6466971081455799	AGAINST	0.22018049945495952	FAVOR	0.13312239239946047
3277541aa81b861ce8321f14a8476c1	NEUTRAL	0.726401846500825	AGAINST	0.18307842081469758	FAVOR	0.09051973268447742
531073cd748cd13561204696f58d4924	NEUTRAL	0.8887731181547406	AGAINST	0.08408518179065633	FAVOR	0.0271417000546031
fd9024829a1b68f6f1b5fff6fa7fdb16	NEUTRAL	0.6580328413540282	AGAINST	0.2956242318655799	FAVOR	0.04634292678039193
e5d756fec8afec96417170f9f2d8aca2	NEUTRAL	0.5361987678707176	AGAINST	0.4417670921579839	FAVOR	0.022034139971298404
da4db140d332a83880b65603344ed737	NEUTRAL	0.5566073966905681	AGAINST	0.3562838215114117	FAVOR	0.08710878179802016
4afbb9f191f8e718ec7928bf37f659ed	NEUTRAL	0.5521355243885235	AGAINST	0.3080291183416358	FAVOR	0.13983535726984075
285111290b65c09b8530b8fd7b54dcc4	NEUTRAL	0.48234951750502464	AGAINST	0.2344225549059559	FAVOR	0.28322792758901943
2619297c074fef994b6b19ad08721e29	NEUTRAL	0.5133320408508362	AGAINST	0.4060754273293251	FAVOR	0.08059253181983878
d8b11e8b7e8069aeb5c9fb0da964ac4b	NEUTRAL	0.7094890678038075	AGAINST	0.2382311227972613	FAVOR	0.05227980939893111
14ce71b9d5171d94cbbc174ee6c33f9a	NEUTRAL	0.721880357242919	AGAINST	0.15265303642355513	FAVOR	0.12546660633352574
e25e70e5cf7b28272bd13cae35422164	NEUTRAL	0.7802065602738931	AGAINST	0.15126043424607244	FAVOR	0.06853300548003441
f994049606350923cba9da4f75e355ca	NEUTRAL	0.5566073966905681	AGAINST	0.3562838215114117	FAVOR	0.08710878179802016
2bbd50f0ca8d45fb695f7aebe38e4eab	NEUTRAL	0.5842375644337411	AGAINST	0.3417107276687595	FAVOR	0.0740517078974994
2723047835ba6500438a463260aefee8	NEUTRAL	0.46783118057165307	AGAINST	0.40060523613913845	FAVOR	0.13156358328920847
31e57c0a699c45647f07c3fd9c374fb6	NEUTRAL	0.8184376739493537	AGAINST	0.07605438598010664	FAVOR	0.1055079400705397
d830291c247fa98b02854d639165724c	NEUTRAL	0.5566073966905681	AGAINST	0.3562838215114117	FAVOR	0.08710878179802016
1972ab65a0564ae90c585404c1e77530	NEUTRAL	0.6215040675340391	AGAINST	0.07441205607849627	FAVOR	0.3040838763874648
4d405598ef60fd49dcad70b22abb38c8	NEUTRAL	0.291310789801025	AGAINST	0.6333198027361534	FAVOR	0.07536940746282167
69b86c4c20ee85565961200e483fe6a1	NEUTRAL	0.822209236240783	AGAINST	0.16012667764728813	FAVOR	0.017664086111928917
1f0bb6e5c2a4c9d5992c606491029ae1	NEUTRAL	0.7754516349940965	AGAINST	0.16618638684481613	FAVOR	0.05836197816108734
272539eaf05dcea90506633ee78f80e9	NEUTRAL	0.6580328413540282	AGAINST	0.2956242318655799	FAVOR	0.04634292678039193
305f2900ace178b05662d5fd195bb2df	NEUTRAL	0.856972237741972	AGAINST	0.12549355743295085	FAVOR	0.017534204825077174
604ff16fc318cbec76854d1f274e0d3	NEUTRAL	0.5566073966905681	AGAINST	0.3562838215114117	FAVOR	0.08710878179802016
fd5d8cd68b9c3df4cabc1cbe93424b46	NEUTRAL	0.7464281526194474	AGAINST	0.19920604009791987	FAVOR	0.054365807282632704
6296f8b082b6099edfdef1c26a0517c	NEUTRAL	0.8369019489135174	AGAINST	0.12478681100787609	FAVOR	0.03831124007860642
a0f7c0b92087f1c8d6432e410b6f1a2a	NEUTRAL	0.9121721555536728	AGAINST	0.0800459409979906	FAVOR	0.007781903448336415
418f1cb8e0ac0588c05209f8a5b868c7	NEUTRAL	0.6881909667852728	AGAINST	0.2326646401364038	FAVOR	0.07914439307832338
d6014e7c5e00e22649f73f4f56470d6f	NEUTRAL	0.678103599360061	AGAINST	0.2813779492727975	FAVOR	0.04051845136714145
8be991627a7317965cbf01309f14bb98	NEUTRAL	0.7490306211239351	AGAINST	0.20420269519768663	FAVOR	0.0467666836783782
7035717ececb2e61c5e097fa7e697656	NEUTRAL	0.7094890678038075	AGAINST	0.2382311227972613	FAVOR	0.05227980939893111
