730328552209641712f2d6041a38b8ca	FAVOR	0.3110577406497417	NEUTRAL	0.6489373372445166	AGAINST	0.04000492210574154
e200d934ad6d02350650ab64c5e6136a	FAVOR	0.8606614128109725	NEUTRAL	0.12120141038776479	AGAINST	0.018137176801262787
46b9e58791d04a999a70853adac751d1	FAVOR	0.9209025091975525	NEUTRAL	0.06392998225125825	AGAINST	0.015167508551189278
4da0c6788443cb7c6f8feb13b3c9e3f2	FAVOR	0.6615596032189859	NEUTRAL	0.3155987959205325	AGAINST	0.022841600860481547
aea846883eee171e9fac581a0a07c344	FAVOR	0.7439484162636261	NEUTRAL	0.24747089079133744	AGAINST	0.00858069294503636
c814100e15e8acc53764d1007d5c1c94	FAVOR	0.7972158381385713	NEUTRAL	0.17606857919997096	AGAINST	0.02671558266145768
68a16b9a17e5ef139d773b865f70ebad	FAVOR	0.6459291223048641	NEUTRAL	0.333921832280284	AGAINST	0.02014904541485195
6fb8c9b83b079962f52f959cb5b1e979	FAVOR	0.7284451417804376	NEUTRAL	0.2528734777310692	AGAINST	0.01868138048849317
774c66474637b7cbf7be90cd4e72a503	FAVOR	0.7222649810059668	NEUTRAL	0.2594633813457228	AGAINST	0.01827163764831037
56f0044c02c40c28030d8a85b3dc8b9e	FAVOR	0.45580055656078206	NEUTRAL	0.5247665658182034	AGAINST	0.019432877621014557
c092b02ea07f8bdb61e94436cbba3a79	FAVOR	0.704859910808309	NEUTRAL	0.2728933751956775	AGAINST	0.02224671399601338
8faf8e60ae3ccd670cc9ec28101ce8e2	FAVOR	0.6327057547323416	NEUTRAL	0.3517165775430437	AGAINST	0.015577667724614766
23136fdffe43c2de35e26c58560cfa49	FAVOR	0.7941213390106368	NEUTRAL	0.16245011943258117	AGAINST	0.04342854155678199
a06c34f48db1887116600e3d4f6d5565	FAVOR	0.7925527618204562	NEUTRAL	0.1846584479534745	AGAINST	0.022788790226069236
331db59ec4fec772374552c91999558e	FAVOR	0.8326786743697157	NEUTRAL	0.1495939878423135	AGAINST	0.017727337787970966
3686310907a9673105d727cfbff35352	FAVOR	0.8817074652467081	NEUTRAL	0.1018292183916116	AGAINST	0.016463316361680348
451cb3a8fcf7c9c5c28c5ec68ac1c4d8	FAVOR	0.5819040583950977	NEUTRAL	0.39134592803369656	AGAINST	0.026750013571205787
6b59c885c29317107a392e606788e387	FAVOR	0.7972158381385713	NEUTRAL	0.17606857919997096	AGAINST	0.02671558266145768
b0d7e11bb63a6b577378de75317f2755	FAVOR	0.7733495279060681	NEUTRAL	0.20435390798433262	AGAINST	0.022296564109599185
7a215467af58dfa7712728e3a5761b84	FAVOR	0.30190714765237087	NEUTRAL	0.6709680668251025	AGAINST	0.02712478552252669
64674a88ff71a2f0ac798db2b89cc655	FAVOR	0.4572550972279221	NEUTRAL	0.5319535942526005	AGAINST	0.010791308519477507
c98c863f6446ed04aeb7c61a206b208b	FAVOR	0.6625800065617707	NEUTRAL	0.31046765985808294	AGAINST	0.026952333580146277
5cf5219b6b7829d3e71d78748295eb	FAVOR	0.6466461098611648	NEUTRAL	0.34487962905768516	AGAINST	0.008474261081150094
d7f76b821e7a000b7a1bf980afe90712	FAVOR	0.3231123211618125	NEUTRAL	0.655600577232091	AGAINST	0.021287101606096488
40f27b01463a16ff3d9dbada0dc15183	FAVOR	0.6454325301199435	NEUTRAL	0.33299725124292306	AGAINST	0.021570218637133532
efe4fad222cc8217f5250f862f5a0678	FAVOR	0.6662933537677008	NEUTRAL	0.3064641832428239	AGAINST	0.027242462989475268
c23542ea0249583c0a092976e422c569	FAVOR	0.8458782182779814	NEUTRAL	0.1334620021131645	AGAINST	0.0206597796088542
2d39971fe112179b98bc4ab918928f57	FAVOR	0.7472216166231956	NEUTRAL	0.23772362921909596	AGAINST	0.015054754157708254
ee42be508637e8eaec09d9c654f37d98	FAVOR	0.5850247262379886	NEUTRAL	0.3839575586139165	AGAINST	0.0310177151480948
73c19ee46b0b2e8fd26f3fe9828f1381	FAVOR	0.8217697367626151	NEUTRAL	0.15747863504263726	AGAINST	0.020751628194747643
1cd75345309a498130d5bb6c2cb5f045	FAVOR	0.727864738092368	NEUTRAL	0.2611308156912641	AGAINST	0.011004446216368001
f6a74e2cf5f252dc2eec327727e8774	FAVOR	0.9624788941595367	NEUTRAL	0.034246473763775424	AGAINST	0.0032746320766876983
942e44b7f7f12f0cbabb444446f2aea1	FAVOR	0.8856829317514737	NEUTRAL	0.09819115554242594	AGAINST	0.01612591270610024
452bed36c0d7ddf3c4fc08e26639d368	FAVOR	0.4632002544299015	NEUTRAL	0.512400562746684	AGAINST	0.02439918282341442
309a98f975e3f295888292788c846616	FAVOR	0.777171589613049	NEUTRAL	0.20035829361902002	AGAINST	0.022470116767930908
468ca40f00f542ff9684a1e759c66ec4	FAVOR	0.7693815023594586	NEUTRAL	0.2110108667835213	AGAINST	0.019607630857020098
2d9cd6a4e7c0413e39da40c2468520d1	FAVOR	0.5496594217210944	NEUTRAL	0.44104651587935617	AGAINST	0.009294062399549365
3512b17726c41b92cc25fade53f12933	FAVOR	0.9218366725630278	NEUTRAL	0.06778887868363398	AGAINST	0.010374448753338263
22e150a7b7c3c584abfb31807e67f0da	FAVOR	0.9086187045348236	NEUTRAL	0.06593452162513978	AGAINST	0.025446773840036668
db7ed4f0c1f35a337e3e73ae8b884aeb	FAVOR	0.3497373511062932	NEUTRAL	0.6322865278597561	AGAINST	0.017976121033950684
763274de7ed8113655d2b66d0bde478e	FAVOR	0.5623655872556913	NEUTRAL	0.41680873077163677	AGAINST	0.02082568197267195
5fc8a8e864d672b507143e796876eec8	FAVOR	0.6952263957769781	NEUTRAL	0.2798635646131335	AGAINST	0.024910039609888374
7f04baed2db35c6b8eee928c4fb7d9b1	FAVOR	0.5819040583950977	NEUTRAL	0.39134592803369656	AGAINST	0.026750013571205787
e4ee3429ef79a567aec495a819ef686e	FAVOR	0.7380925892976011	NEUTRAL	0.24164063181549109	AGAINST	0.020266778886907807
d8c2962dd7fa463584bfec43601c580f	FAVOR	0.643079420549438	NEUTRAL	0.3312697495337923	AGAINST	0.0256508299167698
d801a02157acb231d65ab7fba403c355	FAVOR	0.3825070264319319	NEUTRAL	0.6018808000971104	AGAINST	0.015612173470957629
90474c7816acc52ab96e9495030e62de	FAVOR	0.8054964553729261	NEUTRAL	0.17453816046249127	AGAINST	0.019965384164582604
22e6e945b9455b265d7b70f957b13ebf	FAVOR	0.5819040583950977	NEUTRAL	0.39134592803369656	AGAINST	0.026750013571205787
1cf8c5de0c5b9d558f2b1e76ae6ef95d	FAVOR	0.59859131827073	NEUTRAL	0.37196468383211384	AGAINST	0.02944399789715621
9a08dc7b1b0766f377f17afc09313808	FAVOR	0.9982692137608304	NEUTRAL	0.001213462126402353	AGAINST	5.173241127673094E-4
29e7cf67ed54f665d055e56e40fa55fb	FAVOR	0.9627416983859385	NEUTRAL	0.031204807154977858	AGAINST	0.006053494459083778
c2659973ff722143c3e19f630bb16891	FAVOR	0.7600452665458546	NEUTRAL	0.2155440084173601	AGAINST	0.024410725036785225
894aae590116ee862c81aa300b7da949	FAVOR	0.8629717739353466	NEUTRAL	0.12937875700307028	AGAINST	0.007649469061583213
4cd6b7b3abbd859a8f8302e2cb3ee62e	FAVOR	0.6860657203354028	NEUTRAL	0.3019902949903634	AGAINST	0.011943984674233715
de4ad00d27699525d13e1e0b52094d27	FAVOR	0.8152825002194314	NEUTRAL	0.16761233610055523	AGAINST	0.01710516368001345
8ffc172334fe21c2041d66d9d5f8c282	FAVOR	0.5383991648148639	NEUTRAL	0.44367113056366164	AGAINST	0.01792970462147448
f6cb863af5ee09ca031339768fa3949f	FAVOR	0.7600452665458546	NEUTRAL	0.2155440084173601	AGAINST	0.024410725036785225
9ce39242a28522f488d37843e015ebfa	FAVOR	0.7364947165868324	NEUTRAL	0.23796904734984858	AGAINST	0.025536236063318972
9aaff5119e801bfaa8a34d61ae413b75	FAVOR	0.7294095426395921	NEUTRAL	0.20315165298506865	AGAINST	0.06743880437533917
181ff46c35f7f7998b882e2c8c96b21b	FAVOR	0.6860657203354028	NEUTRAL	0.3019902949903634	AGAINST	0.011943984674233715
70dc24aa730ce630981abc324bdeb1a5	FAVOR	0.8817074652467081	NEUTRAL	0.1018292183916116	AGAINST	0.016463316361680348
f07e03c3903b439da0faa6a94a6dd180	FAVOR	0.5271242544302963	NEUTRAL	0.45172995934124205	AGAINST	0.02114578622846156
e9d586d9743f85b82a2bfd6cf20e869d	FAVOR	0.5791882596878817	NEUTRAL	0.38597340668292823	AGAINST	0.034838333629190116
d96e1e60ab87bae8da74b97529668299	FAVOR	0.9143228229350451	NEUTRAL	0.07103784248324653	AGAINST	0.014639334581708446
4a2576a9f698da0ba5f8be39b51f3aeb	FAVOR	0.7600452665458546	NEUTRAL	0.2155440084173601	AGAINST	0.024410725036785225
45397d4b1a7a65af59f0e7765429932	FAVOR	0.7709246322718122	NEUTRAL	0.1986348344620037	AGAINST	0.030440533266184185
d9f372f347eaee76d43eaa64134cc1c3	FAVOR	0.6807226359275554	NEUTRAL	0.29584651801931405	AGAINST	0.023430846053130637
1675a8d9872ef6b805d7a409a984fb44	FAVOR	0.59859131827073	NEUTRAL	0.37196468383211384	AGAINST	0.02944399789715621
f02ac3a20ea60ef4a0b57ce431cb4150	FAVOR	0.34792415986774977	NEUTRAL	0.6235845922931464	AGAINST	0.028491247839103808
f737b59230c9466b5a1835e2f91ad22a	FAVOR	0.7138203990582571	NEUTRAL	0.26117477571114045	AGAINST	0.025004825230602348
6e184dfd4bb9d5f9de2e353275e6b25a	FAVOR	0.6683455400876451	NEUTRAL	0.30963945064871823	AGAINST	0.022015009263636604
360cb194dd18c3302840d31a0919f89b	FAVOR	0.8128480256746333	NEUTRAL	0.17843706601620296	AGAINST	0.008714908309163704
2fd8f5602a1b6f1b7a31122fbc6a8312	FAVOR	0.34792415986774977	NEUTRAL	0.6235845922931464	AGAINST	0.028491247839103808
b0e338dc5ecec7593ab0dca710a1a92	FAVOR	0.476451828590948	NEUTRAL	0.5031687219428731	AGAINST	0.020379449466178912
814eea49fe3955612378e4a61b24f37d	FAVOR	0.59859131827073	NEUTRAL	0.37196468383211384	AGAINST	0.02944399789715621
94922d7f907b2056d14a20b41b075d66	FAVOR	0.8176247463199864	NEUTRAL	0.16150685165996884	AGAINST	0.020868402020044623
59c963390f7de93b5628a6859f14982e	FAVOR	0.4704926422996301	NEUTRAL	0.48626274437657907	AGAINST	0.04324461332379089
8185a06764a6590542d874e360340444	FAVOR	0.821186714729927	NEUTRAL	0.15838110700249627	AGAINST	0.02043217826757665
fa7b0712f8c116783fdf4d961fe2a083	FAVOR	0.9559594677019239	NEUTRAL	0.03441991677047627	AGAINST	0.00962061552759996
5d5a1452bc56222f77322bb8a8b00cb6	FAVOR	0.33292584501693767	NEUTRAL	0.6370291103549118	AGAINST	0.030045044628150497
8315fad3518be88675c319c679ff437c	FAVOR	0.631773334770675	NEUTRAL	0.3457284928161623	AGAINST	0.022498172413162734
1ff34ac2d99172d281cc583bf717f6d7	FAVOR	0.5581562187623835	NEUTRAL	0.41683373293750337	AGAINST	0.025010048300113167
c2865e9719eddbf8819023a9809ca8b3	FAVOR	0.9458506782672792	NEUTRAL	0.04592939599156886	AGAINST	0.008219925741151782
21cdfdafd656095dac5375cab24cef9d	FAVOR	0.704859910808309	NEUTRAL	0.2728933751956775	AGAINST	0.02224671399601338
156dbf79efae451ae7c76adbb67fbe5	FAVOR	0.563027425544519	NEUTRAL	0.4120602454181688	AGAINST	0.024912329037312084
44421109969e0d5c0bd9a3f5ed2a11ee	FAVOR	0.1088523422658826	NEUTRAL	0.7189148757338858	AGAINST	0.17223278200023157
ff36650243c3790099cf0a39cd154da	FAVOR	0.6569943572210317	NEUTRAL	0.3228657376359786	AGAINST	0.02013990514298975
50405d5cc74b3527d76b6bfc488bf	FAVOR	0.704859910808309	NEUTRAL	0.2728933751956775	AGAINST	0.02224671399601338
690728f7f2113b65816e58e1df0ad92e	FAVOR	0.7600452665458546	NEUTRAL	0.2155440084173601	AGAINST	0.024410725036785225
53d096ec460b28805074de25facba2c2	FAVOR	0.5819040583950977	NEUTRAL	0.39134592803369656	AGAINST	0.026750013571205787
96fe2139f084125f97ec8de8e4c82ae9	FAVOR	0.9570572481753118	NEUTRAL	0.035779776600191146	AGAINST	0.00716297522449703
948efe6f6bdff9abdd77061173d167ed	FAVOR	0.7600452665458546	NEUTRAL	0.2155440084173601	AGAINST	0.024410725036785225
50e5ff68db1ec525e375306d41aa358c	FAVOR	0.7972158381385713	NEUTRAL	0.17606857919997096	AGAINST	0.02671558266145768
929a462fd4579511381137a7dcc493f9	FAVOR	0.6918805488614265	NEUTRAL	0.2771592827557384	AGAINST	0.030960168382835024
654ab20a071e05e26e7a118e3968dbca	FAVOR	0.7345763368284499	NEUTRAL	0.21224975374185392	AGAINST	0.05317390942969614
43a9f0af581688f6f01a35a862c9931a	FAVOR	0.7600452665458546	NEUTRAL	0.2155440084173601	AGAINST	0.024410725036785225
824f733537b9a2f258870f07be9b4c4e	FAVOR	0.3868331300842593	NEUTRAL	0.5382311306962542	AGAINST	0.07493573921948644
ec53cf397961cb8e23698deb6c848534	FAVOR	0.48476465870622726	NEUTRAL	0.5000579237313209	AGAINST	0.015177417562451926
156c236db5e6f6e15fc99cb1cb2960ea	FAVOR	0.4219119187618275	NEUTRAL	0.5477123160989261	AGAINST	0.030375765139246492
2010bb5034942168decbfe7318ebba4	FAVOR	0.59859131827073	NEUTRAL	0.37196468383211384	AGAINST	0.02944399789715621
e2099465a09ce9deea30cb5a77d2c105	FAVOR	0.7600452665458546	NEUTRAL	0.2155440084173601	AGAINST	0.024410725036785225
8622b1055525afb21fa3fe6f6ca4d373	FAVOR	0.6454325301199435	NEUTRAL	0.33299725124292306	AGAINST	0.021570218637133532
80dbf4ac0282366b1577974f9df7b1e6	FAVOR	0.5696476182604221	NEUTRAL	0.40019193448565465	AGAINST	0.03016044725392318
dac0f5e96fca73688f103c78268c6eeb	FAVOR	0.5819040583950977	NEUTRAL	0.39134592803369656	AGAINST	0.026750013571205787
bbe41319e17c01541ad4f62760e17a11	FAVOR	0.8901812625881892	NEUTRAL	0.08035809234105656	AGAINST	0.02946064507075427
fa02d2f5abb7efbc7ea477b0eebf0d1	FAVOR	0.24532833786147992	NEUTRAL	0.6511610950611988	AGAINST	0.1035105670773213
1809dcba2449f0b044eddb4c2808f43b	FAVOR	0.7600452665458546	NEUTRAL	0.2155440084173601	AGAINST	0.024410725036785225
9eef45e8341dd636251459ed2ccf601c	FAVOR	0.648280481092454	NEUTRAL	0.3235983733992987	AGAINST	0.02812114550824739
94a4a8d66b6cb8021d08c6d78dbf3a08	FAVOR	0.26064626560581083	NEUTRAL	0.7149261088819145	AGAINST	0.024427625512274627
9e063ee9909a335eb09dab4834af9e22	FAVOR	0.8717298207509324	NEUTRAL	0.09770077235143634	AGAINST	0.030569406897631223
6fa873d4b885496bf7d7ecf80e28a14b	FAVOR	0.5819040583950977	NEUTRAL	0.39134592803369656	AGAINST	0.026750013571205787
a6c720c75deac6ca83e177e237f02a1c	FAVOR	0.41549515699400363	NEUTRAL	0.568761173052762	AGAINST	0.015743669953234216
92c976965abc50a6181fb8332f3ac0ef	FAVOR	0.7600452665458546	NEUTRAL	0.2155440084173601	AGAINST	0.024410725036785225
e571f466506c1985c538af334c5045a5	FAVOR	0.4286227494905359	NEUTRAL	0.5434852892517916	AGAINST	0.027891961257672373
c4c926bfb65756d5fd57ff7e5126ae21	FAVOR	0.6732706952091282	NEUTRAL	0.30306749284996753	AGAINST	0.02366181194090432
b5d4b3f031c3371c8c87b0d8746cb2b6	FAVOR	0.34337610479167363	NEUTRAL	0.6439428169469564	AGAINST	0.012681078261369915
dfcea36602cb0f15cde2f4b17ff91d79	FAVOR	0.5819040583950977	NEUTRAL	0.39134592803369656	AGAINST	0.026750013571205787
1cf65d1f04da45d2650f50ab91a66bad	FAVOR	0.25540085020610737	NEUTRAL	0.7181777065341036	AGAINST	0.026421443259788964
4202aa39ecbf1816595624026561235c	FAVOR	0.5819040583950977	NEUTRAL	0.39134592803369656	AGAINST	0.026750013571205787
872a2e6aa7750e12cd55327e738a2142	FAVOR	0.9468576774231313	NEUTRAL	0.04725383858465816	AGAINST	0.0058884839922105315
e775885dc5f52abf366febde71e72888	FAVOR	0.7600452665458546	NEUTRAL	0.2155440084173601	AGAINST	0.024410725036785225
bcc45f3ad2dfa19450dddb323c05c1bc	FAVOR	0.9215818101610332	NEUTRAL	0.06309341059962181	AGAINST	0.015324779239344959
a6fe07f66bb5981dc6c80ad96cf93136	FAVOR	0.1409633939429934	NEUTRAL	0.7631838201887164	AGAINST	0.09585278586828998
275f3f70d1597beb5148d7f0368735b6	FAVOR	0.4953499857992261	NEUTRAL	0.4776169260756604	AGAINST	0.02703308812511344
a3136c6c8a5c724d875fac2e05b51e5b	FAVOR	0.5819040583950977	NEUTRAL	0.39134592803369656	AGAINST	0.026750013571205787
8ab23627e88c223240c29bc5e24f3ebc	FAVOR	0.18432923612948854	NEUTRAL	0.7966039307270213	AGAINST	0.01906683314349009
ba78d16433726ece6b0e2f9cc8a3620d	FAVOR	0.5218012446404132	NEUTRAL	0.4606829022047707	AGAINST	0.01751585315481621
7ba4091b35d55db035f6ddd0f8396eb8	FAVOR	0.8769525491859363	NEUTRAL	0.1090975555879212	AGAINST	0.013949895226142437
d8fc4d3331c5fc265a5a1ac63c9e65f7	FAVOR	0.5819040583950977	NEUTRAL	0.39134592803369656	AGAINST	0.026750013571205787
df7572b84ddcb2e333fef233f84e3a3f	FAVOR	0.5819040583950977	NEUTRAL	0.39134592803369656	AGAINST	0.026750013571205787
181dbd9caddbfc25eacb3c39ef3ed484	FAVOR	0.22806770430006593	NEUTRAL	0.6067794243223834	AGAINST	0.1651528713775506
43f2591e43560a51d59b6d00ecfb248a	FAVOR	0.6294652992094009	NEUTRAL	0.3521842110181266	AGAINST	0.018350489772472525
47421c30634ca6c6e96b2c1266f8348f	FAVOR	0.16930654830858186	NEUTRAL	0.8152663944824783	AGAINST	0.01542705720893978
2045db845cf77b2fbbcd6b011ab53504	FAVOR	0.7600452665458546	NEUTRAL	0.2155440084173601	AGAINST	0.024410725036785225
e3f46df84d185a35071db61d5413507c	FAVOR	0.8470896315309777	NEUTRAL	0.1302234924406543	AGAINST	0.02268687602836794
5e29766c2e3b247c5527d90d269a8124	FAVOR	0.5784546187089706	NEUTRAL	0.3812546807986749	AGAINST	0.040290700492354434
79f483e6623cb279fde4942e82f13ca8	FAVOR	0.4698575754429344	NEUTRAL	0.49537462653543807	AGAINST	0.03476779802162762
8ec35c8d93994c82cbee3d27bf56d03e	FAVOR	0.8733949985325352	NEUTRAL	0.11008027018165127	AGAINST	0.016524731285813686
3c3aad98e7fd4e15268f79e43232d28a	FAVOR	0.7783340943505902	NEUTRAL	0.16845051590993212	AGAINST	0.05321538973947764
ec9dc34b704278bf2d61fee82d8283d9	FAVOR	0.5819040583950977	NEUTRAL	0.39134592803369656	AGAINST	0.026750013571205787
f39bf04f68a18d2740753beb96220ad8	FAVOR	0.59859131827073	NEUTRAL	0.37196468383211384	AGAINST	0.02944399789715621
d1eb38175fef96dfe9c7e03b5da6244c	FAVOR	0.7978904557160951	NEUTRAL	0.16317435603612426	AGAINST	0.03893518824778076
c183a372c94fc74e2cb9ff5a65065a6e	FAVOR	0.7439037980440106	NEUTRAL	0.23205030972902446	AGAINST	0.024045892226964936
71552d1efcf2cf46f3ea954cfbbe4495	FAVOR	0.8281181855191856	NEUTRAL	0.15152287047395627	AGAINST	0.020358944006858205
8670b824dcc9706e2b0dd9f55eb71d16	FAVOR	0.3140216078511303	NEUTRAL	0.6815050907635554	AGAINST	0.004473301385314331
92bce9c8add4d6d06b2da5e121619d90	FAVOR	0.9020066103576863	NEUTRAL	0.07466327239649828	AGAINST	0.023330117245815435
9be0dfb0fe64afc10a7f708ae2ac633d	FAVOR	0.6488098991815605	NEUTRAL	0.3305628162051679	AGAINST	0.020627284613271596
ebd375e8dce46d4fe3fd54e65378ce1d	FAVOR	0.42183086213980714	NEUTRAL	0.5587136278943494	AGAINST	0.019455509965843335
980a2e719810c7f2fefdb75d9596faac	FAVOR	0.8890673852611424	NEUTRAL	0.10316447989482622	AGAINST	0.007768134844031429
3c573046e9b906e492e9797f0727c099	FAVOR	0.9059460184370806	NEUTRAL	0.08736814496430925	AGAINST	0.006685836598609989
31bd11fb9aa552d3d006f1edc856b221	FAVOR	0.49756552572278295	NEUTRAL	0.4730042620259364	AGAINST	0.02943021225128074
baa3aac85901115aa6fd137d3db58452	FAVOR	0.8118079025940604	NEUTRAL	0.15742524335739744	AGAINST	0.030766854048542267
e06413c6699170a7714d5f8c2be058f1	FAVOR	0.43899550642191004	NEUTRAL	0.5535542048614159	AGAINST	0.007450288716673995
21ab40b71e69371f3db31cde97a130af	FAVOR	0.5819040583950977	NEUTRAL	0.39134592803369656	AGAINST	0.026750013571205787
ff9ace2e603dd3c59ef47942fcb150d7	FAVOR	0.5771806591994175	NEUTRAL	0.40902963975641876	AGAINST	0.013789701044163749
622029e1effb1b8e0d8329b913f3e69a	FAVOR	0.23915433725475058	NEUTRAL	0.7511772047051163	AGAINST	0.009668458040133217
92659b9429f7672e36c23159067cf3f2	FAVOR	0.4115585944877602	NEUTRAL	0.5606867817810874	AGAINST	0.02775462373115225
75faf531c017a363349209031f231c49	FAVOR	0.2925238824759089	NEUTRAL	0.6849134975981523	AGAINST	0.022562619925938783
f2a598f59e16cfef4e146b836583e10c	FAVOR	0.6454325301199435	NEUTRAL	0.33299725124292306	AGAINST	0.021570218637133532
5cb3a9c40750df976bfebbcdad982a25	FAVOR	0.6375815842573643	NEUTRAL	0.3384515459953995	AGAINST	0.023966869747236295
b0631b3db3970abb2154b844d3f8ea5f	FAVOR	0.605661864344893	NEUTRAL	0.35488907040254225	AGAINST	0.039449065252564766
442b915afa17f4035fcdf10e3ba958b6	FAVOR	0.59859131827073	NEUTRAL	0.37196468383211384	AGAINST	0.02944399789715621
159d682af5a5f0a8dc1f44923e02f582	FAVOR	0.59859131827073	NEUTRAL	0.37196468383211384	AGAINST	0.02944399789715621
1b4530c72a7a91d20dfc7167b4dfe710	FAVOR	0.11268884736933611	NEUTRAL	0.5083472596905093	AGAINST	0.3789638929401547
dd87b8acd28422a27279680f71623719	FAVOR	0.4359338934534554	NEUTRAL	0.548077956275856	AGAINST	0.01598815027068862
85b6efb506adcd7f17cdf05e1f93a3e7	FAVOR	0.6005865534921959	NEUTRAL	0.3819789487362252	AGAINST	0.017434497771578857
d6a32a6092324a400932e52eaa5c9653	FAVOR	0.5819040583950977	NEUTRAL	0.39134592803369656	AGAINST	0.026750013571205787
709722ccc7bd1b92d3446d58e53cb109	FAVOR	0.6790988924109684	NEUTRAL	0.275215222087766	AGAINST	0.04568588550126551
d7d010a4e2975cf467c5af0ce5b39470	FAVOR	0.42868592034289277	NEUTRAL	0.546729399779688	AGAINST	0.024584679877419184
3bf97d75f27fb26cf4c7231d4cb5487f	FAVOR	0.6459291223048641	NEUTRAL	0.333921832280284	AGAINST	0.02014904541485195
51f05c52664309785e628cd4dc2a1e29	FAVOR	0.7903815286162011	NEUTRAL	0.18933734863658658	AGAINST	0.020281122747212194
8e3b3349646c296d57928e352bf97bf0	FAVOR	0.6326019693035697	NEUTRAL	0.34175278538811293	AGAINST	0.025645245308317313
e2a11d94c44d5a2f2c1d6ce73b5ec64d	FAVOR	0.5786720183595842	NEUTRAL	0.4063891825181643	AGAINST	0.014938799122251495
6dbe0495d6cc9c6190aa4585cc0ab23b	FAVOR	0.4832769082408419	NEUTRAL	0.5054828183447657	AGAINST	0.01124027341439237
7be3eb7a84ae343b3144d56e7f75004	FAVOR	0.7600452665458546	NEUTRAL	0.2155440084173601	AGAINST	0.024410725036785225
551f619bce0df630da9db60b920d0c9f	FAVOR	0.7972158381385713	NEUTRAL	0.17606857919997096	AGAINST	0.02671558266145768
e3d246a173b8e3550c51724a6c32173e	FAVOR	0.693927254759003	NEUTRAL	0.2797663561195756	AGAINST	0.026306389121421407
a3023b2cda0b7d1f0a8052f44c5a9127	FAVOR	0.6459291223048641	NEUTRAL	0.333921832280284	AGAINST	0.02014904541485195
dd821052adabbe2bc5b494dab5f29c7e	FAVOR	0.8014308921641445	NEUTRAL	0.17801925804713475	AGAINST	0.02054984978872062
e8f74ee4e88f7656614ef500f48e5ecf	FAVOR	0.6570356809736257	NEUTRAL	0.3334225998119374	AGAINST	0.009541719214436724
d0d22badf0c3446b29df5c723e165c5c	FAVOR	0.5819040583950977	NEUTRAL	0.39134592803369656	AGAINST	0.026750013571205787
50a37c17f3123721c94e78689d58ab93	FAVOR	0.8522167076389741	NEUTRAL	0.12904399849807358	AGAINST	0.01873929386295252
641670103083b858b5a6e4778c2d8161	FAVOR	0.7600452665458546	NEUTRAL	0.2155440084173601	AGAINST	0.024410725036785225
f9edec9bd5d2be526d86a5e776fdc41c	FAVOR	0.7548098529218639	NEUTRAL	0.22552149520257947	AGAINST	0.01966865187555674
add54697d7e06801df2541a676794373	FAVOR	0.6248449973882395	NEUTRAL	0.34978215008435354	AGAINST	0.025372852527406915
86e85663e1fe749211213064392bc39f	FAVOR	0.8289487996655244	NEUTRAL	0.16162575246156413	AGAINST	0.009425447872911538
dd1df121a87e705ed94a0efae884801c	FAVOR	0.3890031702164205	NEUTRAL	0.584472799358683	AGAINST	0.026524030424896396
ea014d3b93f22fdf59487283522ca521	FAVOR	0.704859910808309	NEUTRAL	0.2728933751956775	AGAINST	0.02224671399601338
e340f6b6fcbaf8ea947f59be80fd2989	FAVOR	0.9156196245124126	NEUTRAL	0.07499295021310652	AGAINST	0.009387425274480866
d1720e4ae9981970db9bf30d1df7a34	FAVOR	0.6459291223048641	NEUTRAL	0.333921832280284	AGAINST	0.02014904541485195
407c5d31d64d55e69968fc210e79051d	FAVOR	0.5960671892723273	NEUTRAL	0.3741413669166457	AGAINST	0.029791443811027038
5f2eb7377d61b1b8554677c8069f4e28	FAVOR	0.4840991420444504	NEUTRAL	0.496648319929296	AGAINST	0.019252538026253468
222b00e2cdadb51f8c43b155a973fd7f	FAVOR	0.24688745920645047	NEUTRAL	0.7398970322455395	AGAINST	0.01321550854801012
d880d6eab6ad4c56d2cc9b9181eb9e25	FAVOR	0.5819040583950977	NEUTRAL	0.39134592803369656	AGAINST	0.026750013571205787
96e9e268bee1592a9a752129ddf59ab0	FAVOR	0.6621093689179531	NEUTRAL	0.3011976608921359	AGAINST	0.036692970189910926
7b88de67ba7b4d9dd233dd4f1cfaa41e	FAVOR	0.7503213635430317	NEUTRAL	0.22578500298349685	AGAINST	0.023893633473471555
20ba3354fbaf3e737c795112c2b85cce	FAVOR	0.1727116712786179	NEUTRAL	0.8107166505516878	AGAINST	0.01657167816969429
f37bdc823aec724014c062e98c9c6b65	FAVOR	0.5819040583950977	NEUTRAL	0.39134592803369656	AGAINST	0.026750013571205787
b8c88d696cb624a038db87ef0f640d81	FAVOR	0.7657205167587464	NEUTRAL	0.214497208535548	AGAINST	0.019782274705705653
fb49b2018d0dab344b3274b622fa2add	FAVOR	0.2264118854463496	NEUTRAL	0.7541505722198775	AGAINST	0.019437542333772807
ef7d78e3f3e898d30721871710836e3	FAVOR	0.7021901441545381	NEUTRAL	0.2783425814076801	AGAINST	0.019467274437781863
cb1857ce7e049a06f3a733db079a55af	FAVOR	0.2007429646983326	NEUTRAL	0.7335004480472805	AGAINST	0.0657565872543867
67c88d8276257662a2616527865639f3	FAVOR	0.12293898651944644	NEUTRAL	0.8718179941624282	AGAINST	0.005243019318125225
be9adb66d6ca623f9802467707b0dfd	FAVOR	0.43365979486165135	NEUTRAL	0.5448540025639963	AGAINST	0.02148620257435239
2cca51a8b938c2d23b9f05b8d50ce3dc	FAVOR	0.5819040583950977	NEUTRAL	0.39134592803369656	AGAINST	0.026750013571205787
f063142f49126fc2e3270b4425cf452d	FAVOR	0.9389604331213577	NEUTRAL	0.04879909287235262	AGAINST	0.012240474006289628
1477d5f17845c0e5a22d34e987ed42c5	FAVOR	0.718446510366062	NEUTRAL	0.2606069101958022	AGAINST	0.020946579438135854
e9e96302ac1629c095e8e1c1c2506ec3	FAVOR	0.6527895195792119	NEUTRAL	0.3237372525516474	AGAINST	0.023473227869140627
b2fdbe6fd78faf10ce62b6cbf1a1a266	FAVOR	0.9238378438266699	NEUTRAL	0.06890723173250113	AGAINST	0.007254924440828953
40a37d3e95725102f7d38d8da9eed0c5	FAVOR	0.7875573165299974	NEUTRAL	0.1953533974314044	AGAINST	0.017089286038598186
cefb294ed2ad2c08be4d7420392f187e	FAVOR	0.4968450720033098	NEUTRAL	0.47925600745117247	AGAINST	0.023898920545517875
3ad369b4259e321be37269066374723a	FAVOR	0.7959078050794697	NEUTRAL	0.1605056514820318	AGAINST	0.043586543438498486
53bc5758e63f4c05a0ba35c3d9c96393	FAVOR	0.5312376784268427	NEUTRAL	0.4467589684789083	AGAINST	0.02200335309424906
6ce1466d6294338b5bf97d1386b6087d	FAVOR	0.5819040583950977	NEUTRAL	0.39134592803369656	AGAINST	0.026750013571205787
51d562625ff369644b67e67a0c06c3c8	FAVOR	0.31999451210536806	NEUTRAL	0.6217252543901005	AGAINST	0.05828023350453155
b3ddd8baacb9a2453d72848e341063c8	FAVOR	0.915000230939882	NEUTRAL	0.07099736147898696	AGAINST	0.01400240758113088
a44381c077e8517eb21ebff19ca5ba2b	FAVOR	0.7970159390217425	NEUTRAL	0.1747883274543452	AGAINST	0.028195733523912327
78d261a06f5006d6b1060c5899c98eda	FAVOR	0.8755138885710305	NEUTRAL	0.09847294289864184	AGAINST	0.026013168530327663
114ab35275c648b36e8c0e0b19df9e8a	FAVOR	0.554872213435788	NEUTRAL	0.4372985449904983	AGAINST	0.007829241573713737
e5f84204f68718dd47b3a53977d25468	FAVOR	0.8331263688259277	NEUTRAL	0.1341199939157071	AGAINST	0.032753637258365234
bb1379dd9d0261bb6e880c652ab80425	FAVOR	0.42991606415481187	NEUTRAL	0.5098382140050179	AGAINST	0.060245721840170234
c98ea00b59567e156a4adc8a7be37c75	FAVOR	0.43864651357964535	NEUTRAL	0.5430950728784923	AGAINST	0.018258413541862327
734e6b001a86d9f1c492db4f73af0dc7	FAVOR	0.4396805578192833	NEUTRAL	0.54351281841635	AGAINST	0.01680662376436665
c5385dfd8add8be6e540576bb0aa750	FAVOR	0.4832769082408419	NEUTRAL	0.5054828183447657	AGAINST	0.01124027341439237
3d0e31e0b5894c032544fb769bc6a285	FAVOR	0.4166001561820723	NEUTRAL	0.5446080854718479	AGAINST	0.03879175834607974
757b9e4eb975dfac91e945b388c84ef1	FAVOR	0.31902797150329887	NEUTRAL	0.6316730052344496	AGAINST	0.04929902326225155
c70b511081cd6cd56dccd87fa25abc62	FAVOR	0.6326979262220361	NEUTRAL	0.3382517005836696	AGAINST	0.029050373194294328
aaca81db71ceaff40bef3f7900d2a02	FAVOR	0.6850613707481088	NEUTRAL	0.28760989268769493	AGAINST	0.0273287365641963
f9658b593702e2801fce4831b47725b2	FAVOR	0.6454325301199435	NEUTRAL	0.33299725124292306	AGAINST	0.021570218637133532
578e8663f9d98aa6a76b7a66160a8df	FAVOR	0.5819040583950977	NEUTRAL	0.39134592803369656	AGAINST	0.026750013571205787
f899611466f25583d6a47fc5fefc2ea1	FAVOR	0.59859131827073	NEUTRAL	0.37196468383211384	AGAINST	0.02944399789715621
22aa97e39476e5656eb6b9cf9e503950	FAVOR	0.5182426369387343	NEUTRAL	0.4733235165017076	AGAINST	0.008433846559558148
486c70e8283e8d8509d6f3c73afdecb6	FAVOR	0.719088450679769	NEUTRAL	0.27494707772864446	AGAINST	0.005964471591586543
1fd7540d0a7e4df603faef02af6c5ef1	FAVOR	0.59859131827073	NEUTRAL	0.37196468383211384	AGAINST	0.02944399789715621
33471e2cc3fcbe91ef3f46c894bf6d35	FAVOR	0.59859131827073	NEUTRAL	0.37196468383211384	AGAINST	0.02944399789715621
f2a925e7fbefb3284718af868b2ae6bb	FAVOR	0.7279626248657879	NEUTRAL	0.2601279127869916	AGAINST	0.011909462347220467
10dc91d6c9eb0f3628c8ab91359a7bde	FAVOR	0.59859131827073	NEUTRAL	0.37196468383211384	AGAINST	0.02944399789715621
be8e4f3affdc4e021bd3b43b5a99ca52	FAVOR	0.3681497190672946	NEUTRAL	0.6154534496564513	AGAINST	0.016396831276254034
be56ac0b213fdb86894d309f93c99f57	FAVOR	0.5919021727934929	NEUTRAL	0.385881809297195	AGAINST	0.022216017909312172
c6fdb554034179392be19e90b38753b6	FAVOR	0.59859131827073	NEUTRAL	0.37196468383211384	AGAINST	0.02944399789715621
f4cb961966d5579043625d16daaa08c8	FAVOR	0.8117824227326055	NEUTRAL	0.17047007941375197	AGAINST	0.017747497853642498
3ba4525254c70317bfb168aa72d2521a	FAVOR	0.5819040583950977	NEUTRAL	0.39134592803369656	AGAINST	0.026750013571205787
c53e88015a769e253c327f11175d41a7	FAVOR	0.704859910808309	NEUTRAL	0.2728933751956775	AGAINST	0.02224671399601338
c5188988adc8361106dd8df639f5ca2d	FAVOR	0.4509916776847793	NEUTRAL	0.5342655054368204	AGAINST	0.01474281687840033
7d206e6c66486946c5faffa4890e8ad6	FAVOR	0.7600452665458546	NEUTRAL	0.2155440084173601	AGAINST	0.024410725036785225
4dd065b44d8fd4bc42ae7a2831702806	FAVOR	0.7600452665458546	NEUTRAL	0.2155440084173601	AGAINST	0.024410725036785225
4001eb581da2e7f8d1624f09d0442ed9	FAVOR	0.8354793419715875	NEUTRAL	0.15054001208440415	AGAINST	0.013980645944008345
fa4364be17414c0d97ca75bb54d88bc3	FAVOR	0.5043712034468235	NEUTRAL	0.4339297735595594	AGAINST	0.06169902299361704
d4ee40cbd3dace4bcfa7a9acf9a55e1e	FAVOR	0.4832769082408419	NEUTRAL	0.5054828183447657	AGAINST	0.01124027341439237
d2890cb6ee9489d5e03b1f26f763d986	FAVOR	0.647853253802984	NEUTRAL	0.3240058676612943	AGAINST	0.028140878535721718
d4b473d0251d06f8aa688ed291e206f2	FAVOR	0.6939849270009923	NEUTRAL	0.2868630907508004	AGAINST	0.019151982248207182
8009b0ba3d9d70c1b85d1778302a59e4	FAVOR	0.13551756032769705	NEUTRAL	0.8533974593075593	AGAINST	0.011084980364743705
85b011119e655e908af23b08ac84e688	FAVOR	0.7600452665458546	NEUTRAL	0.2155440084173601	AGAINST	0.024410725036785225
1880a32faeaf8a5c24f52847936149da	FAVOR	0.29143156849825697	NEUTRAL	0.6996583314685153	AGAINST	0.008910100033227775
ccd89d17735feeb23b8a66bc48cf6eda	FAVOR	0.3824281442102586	NEUTRAL	0.5780535580746948	AGAINST	0.039518297715046564
dbd1f8e222a8e1a1c481505f2faa0474	FAVOR	0.820678520493144	NEUTRAL	0.14768759587254485	AGAINST	0.03163388363431099
c6be6ad899914a9847a54c2bb44562ed	FAVOR	0.704859910808309	NEUTRAL	0.2728933751956775	AGAINST	0.02224671399601338
c3bffe93ffb6f964f110f70ad5d50d1d	FAVOR	0.7484917887215886	NEUTRAL	0.23922327245456307	AGAINST	0.012284938823848306
c636a7c982acf20730d8524b2dac5547	FAVOR	0.8079605988123586	NEUTRAL	0.17279897593440338	AGAINST	0.019240425253238
40aca76a93fd2fef3ae0518c62418cc4	FAVOR	0.6454325301199435	NEUTRAL	0.33299725124292306	AGAINST	0.021570218637133532
246399c2c7c3744e76c152f3324c8182	FAVOR	0.5604915471287845	NEUTRAL	0.42395181663358855	AGAINST	0.015556636237626976
624ad9bd79e31927d0192bc73701e139	FAVOR	0.2898837841168606	NEUTRAL	0.6947887534265709	AGAINST	0.015327462456568571
5f18dc464226cbde89f1721a470ffc71	FAVOR	0.5819040583950977	NEUTRAL	0.39134592803369656	AGAINST	0.026750013571205787
e2e152c709795f67218976083be45487	FAVOR	0.6144613365451861	NEUTRAL	0.3563298304240636	AGAINST	0.029208833030750444
5d80f7db86ffa1c893b1dbd7fc2ddbed	FAVOR	0.7596492770559078	NEUTRAL	0.215428566212821	AGAINST	0.024922156731271197
d55d532ef8a85ab5e05f0d5872ee48a1	FAVOR	0.5108026681566029	NEUTRAL	0.4782961068783217	AGAINST	0.010901224965075408
602535dfe215c7bf58ec02e35012d27e	FAVOR	0.8211485399431543	NEUTRAL	0.15240221842337381	AGAINST	0.026449241633471867
3622f7d23fbb4c5f414cce5b968753ff	FAVOR	0.8915996890331892	NEUTRAL	0.10194483620662649	AGAINST	0.0064554747601843696
40c5f8e353a160bbc9f70ecba459c2a0	FAVOR	0.5819040583950977	NEUTRAL	0.39134592803369656	AGAINST	0.026750013571205787
84c4e335bd9a0a7518e1664cdc19ca7f	FAVOR	0.3234869559773442	NEUTRAL	0.6561422741790237	AGAINST	0.020370769843632144
494afbbdafaa0a0098cdfa488d3207d4	FAVOR	0.8016932391031094	NEUTRAL	0.17591135862663015	AGAINST	0.022395402270260458
c5a28085b42dbde59a6fe3d56e2cb842	FAVOR	0.4149446022164947	NEUTRAL	0.5685779595684779	AGAINST	0.016477438215027358
e311243d604c1d6b4bdd8348896379ac	FAVOR	0.4953499857992261	NEUTRAL	0.4776169260756604	AGAINST	0.02703308812511344
14f48ffad046d5423ec9f735ef229bb	FAVOR	0.538742263291439	NEUTRAL	0.4395752353853818	AGAINST	0.021682501323179094
7b6edd2902e58bf3efabca876671f556	FAVOR	0.6678102634274051	NEUTRAL	0.31757005194344434	AGAINST	0.014619684629150531
4eb8f9faa5239e6229bd32a97d2c04d3	FAVOR	0.4842669328584947	NEUTRAL	0.48931813729344503	AGAINST	0.026414929848060393
b62c2528a8d180fa4f8e05ef4983a027	FAVOR	0.6937158575771649	NEUTRAL	0.2725114275383312	AGAINST	0.03377271488450381
395d1ae7085ffb39c2cdac95fc077714	FAVOR	0.5819040583950977	NEUTRAL	0.39134592803369656	AGAINST	0.026750013571205787
3ff31d877780cf85fc84d2efd0960d94	FAVOR	0.5819040583950977	NEUTRAL	0.39134592803369656	AGAINST	0.026750013571205787
4fbda5502a84aaf83483451d6a293060	FAVOR	0.4398241820130312	NEUTRAL	0.5349364663992217	AGAINST	0.02523935158774719
829b653342bf83ca39539e00e5d83c07	FAVOR	0.3168679027529211	NEUTRAL	0.6632690980478302	AGAINST	0.01986299919924861
84f8c3e497b3498361426ad336f20a70	FAVOR	0.7634079205740973	NEUTRAL	0.20973206629661695	AGAINST	0.026860013129285803
68f349fbf2d81a6fdf3248b69597808e	FAVOR	0.4953499857992261	NEUTRAL	0.4776169260756604	AGAINST	0.02703308812511344
8bdbf285b4307a00a710e0364112165c	FAVOR	0.7049961708408529	NEUTRAL	0.2842945709852496	AGAINST	0.010709258173897637
ff64f69d14f9b585932dcb921f66d188	FAVOR	0.8441989738043549	NEUTRAL	0.13581737432037377	AGAINST	0.01998365187527127
7b71f098b503fc1c277762eaf132971f	FAVOR	0.9373270055484755	NEUTRAL	0.04342140099685992	AGAINST	0.019251593454664807
1da4ae1a06577ca3271885a5d44ad602	FAVOR	0.5417001543392999	NEUTRAL	0.4352210338658683	AGAINST	0.023078811794831885
4ba968b804ada2245bcbcd39d4bd36df	FAVOR	0.5819040583950977	NEUTRAL	0.39134592803369656	AGAINST	0.026750013571205787
bafda7ef13db7d51d8ffcdae9762a1c2	FAVOR	0.91960293680508	NEUTRAL	0.07240556143150728	AGAINST	0.007991501763412847
74e481616f257eace8f0c10323f5d490	FAVOR	0.7287296580376466	NEUTRAL	0.25003472091182916	AGAINST	0.021235621050524282
872111bd9998036bfa96f5bd88e326ae	FAVOR	0.7600452665458546	NEUTRAL	0.2155440084173601	AGAINST	0.024410725036785225
9b807ac17c71e9d958ce5250b84b71c2	FAVOR	0.9330621805046229	NEUTRAL	0.05643641842406889	AGAINST	0.010501401071308196
3b87bdf5c4b6f2430b64705fcbd93f5c	FAVOR	0.5756988560394803	NEUTRAL	0.4172882764917182	AGAINST	0.007012867468801504
4f89a70d5e3d938394319a6fc2742276	FAVOR	0.5428012206102273	NEUTRAL	0.43638812913336245	AGAINST	0.020810650256410306
84931d247bb17b8b5f87c11fd4e6019d	FAVOR	0.5819040583950977	NEUTRAL	0.39134592803369656	AGAINST	0.026750013571205787
be7809ec7d2d07408c3215d2a586178b	FAVOR	0.48314666942447215	NEUTRAL	0.4885320677929871	AGAINST	0.02832126278254084
456a266f58e5f89e371ccdfde43f3bef	FAVOR	0.6710470179042741	NEUTRAL	0.3027172864434255	AGAINST	0.026235695652300342
689dccaf45a9728125dcc561f00ae8ac	FAVOR	0.7560043640777094	NEUTRAL	0.20492225464471553	AGAINST	0.03907338127757507
8aacd84f4bc6a32f9ead46c39ad2c157	FAVOR	0.7600452665458546	NEUTRAL	0.2155440084173601	AGAINST	0.024410725036785225
3e9f1e75be0c94fcce38a4b9b2777e3c	FAVOR	0.5272403334525985	NEUTRAL	0.4472739510247364	AGAINST	0.02548571552266522
964b08b8d862d0c9d28192c48b4a1bbb	FAVOR	0.26302347779071866	NEUTRAL	0.718128962219879	AGAINST	0.018847559989402313
22ed25a389c607a34349a7d4e299531b	FAVOR	0.7600452665458546	NEUTRAL	0.2155440084173601	AGAINST	0.024410725036785225
ac245aec4974e373af9011b25fff4453	FAVOR	0.7657821314789358	NEUTRAL	0.20637004701086686	AGAINST	0.02784782151019746
99ba1febb73af6e9213917bd0bad69f1	FAVOR	0.5530942930301748	NEUTRAL	0.43314393439941795	AGAINST	0.013761772570407312
1e2bcd8b3a8dc89a9a835c0a98d94c5	FAVOR	0.538742263291439	NEUTRAL	0.4395752353853818	AGAINST	0.021682501323179094
7982dd4fef49e7c785ba9ffc5c93f934	FAVOR	0.3117625747251879	NEUTRAL	0.6617813824903741	AGAINST	0.02645604278443799
b6f2ab0b8d0057ccb8b00b4356af8047	FAVOR	0.6904932236888843	NEUTRAL	0.2923118090140801	AGAINST	0.017194967297035603
ffad22ad6be4cbcec92369f07fb8fd98	FAVOR	0.5819040583950977	NEUTRAL	0.39134592803369656	AGAINST	0.026750013571205787
6e90431d1ad54f92d56cee2429668126	FAVOR	0.6454325301199435	NEUTRAL	0.33299725124292306	AGAINST	0.021570218637133532
eb2ade236ff3746bc4615a9b2c60f329	FAVOR	0.6653366711783715	NEUTRAL	0.3203051899309802	AGAINST	0.014358138890648388
b4bce13c9474d5cf5975fe6c21e8d2db	FAVOR	0.5819040583950977	NEUTRAL	0.39134592803369656	AGAINST	0.026750013571205787
1dffe21cd752b3b524f011f3974ed216	FAVOR	0.6142910019316997	NEUTRAL	0.36200322347891517	AGAINST	0.02370577458938516
a570b4fa699316e5d7bc194c3502fe2b	FAVOR	0.6421323698027572	NEUTRAL	0.31740326473559344	AGAINST	0.040464365461649277
9806f1790f785ab567040c5eca603cd8	FAVOR	0.704859910808309	NEUTRAL	0.2728933751956775	AGAINST	0.02224671399601338
4018b3302da5138ccd38ed518ae06653	FAVOR	0.6454325301199435	NEUTRAL	0.33299725124292306	AGAINST	0.021570218637133532
dff8cad2ea45c56944f67ec1e67dc3f7	FAVOR	0.5819040583950977	NEUTRAL	0.39134592803369656	AGAINST	0.026750013571205787
e59054a40a300fdb4169ea781f3a6c08	FAVOR	0.7600452665458546	NEUTRAL	0.2155440084173601	AGAINST	0.024410725036785225
2b4f378dbfe1fbd9b6cd7cd03e2e4c97	FAVOR	0.704859910808309	NEUTRAL	0.2728933751956775	AGAINST	0.02224671399601338
c195c9c9c13e5d3ca5ecf65222c9e85f	FAVOR	0.7470716718967699	NEUTRAL	0.20210098638439328	AGAINST	0.05082734171883683
d40aed0153d2fd3cb1d339d64dc84af9	FAVOR	0.7600452665458546	NEUTRAL	0.2155440084173601	AGAINST	0.024410725036785225
b2f576482d01769ef334be92137919fa	FAVOR	0.8620449301972143	NEUTRAL	0.12984490763542653	AGAINST	0.00811016216735914
eeed0f200d0d60845be76e699509b98c	FAVOR	0.3789277167714283	NEUTRAL	0.6046284618117574	AGAINST	0.016443821416814157
6c59120cfd70a7d51f063848c93679d	FAVOR	0.276748374365839	NEUTRAL	0.6974231278232682	AGAINST	0.025828497810892876
93872f80810f10a637a1c394b382359d	FAVOR	0.5564937838588567	NEUTRAL	0.4195409422688643	AGAINST	0.023965273872278887
bd4f42947b131889b570ce3609da8acd	FAVOR	0.7600452665458546	NEUTRAL	0.2155440084173601	AGAINST	0.024410725036785225
192eb38bfde003c455c1248102e3887d	FAVOR	0.59859131827073	NEUTRAL	0.37196468383211384	AGAINST	0.02944399789715621
df0abad87f9be411f627ec0fef1d481c	FAVOR	0.7969381370126083	NEUTRAL	0.18059670224762342	AGAINST	0.022465160739768383
d7531abef746c2d7b2f044a2d2a12b53	FAVOR	0.6332045679151391	NEUTRAL	0.31580099844932136	AGAINST	0.0509944336355396
db3270ba0d94f2f317ffe8ed20b71d95	FAVOR	0.3889791081650674	NEUTRAL	0.5746379807511931	AGAINST	0.03638291108373945
8fcbd14ed9da79288948116e89004918	FAVOR	0.36623836267242854	NEUTRAL	0.6113006014826651	AGAINST	0.022461035844906403
4c17343bbcb6d1cf80b92af8638327fc	FAVOR	0.8652165379950855	NEUTRAL	0.1210258915324427	AGAINST	0.013757570472471682
a64efb98362c80773dddcad1ec7a2e6a	FAVOR	0.8569130285216994	NEUTRAL	0.12347688751655488	AGAINST	0.01961008396174592
6513d3d1285baeb9f3de47d27b1be76f	FAVOR	0.676913576365616	NEUTRAL	0.3023436002315657	AGAINST	0.02074282340281836
e34ba7e2472ca7a1c9c1928d8d2148bc	FAVOR	0.5308910646857297	NEUTRAL	0.4463441347080091	AGAINST	0.022764800606261203
d14a301a5aca88737b6ca51e809dcd14	FAVOR	0.5819040583950977	NEUTRAL	0.39134592803369656	AGAINST	0.026750013571205787
cb33b5b62e706e72741da77df1cd16d5	FAVOR	0.965720647392054	NEUTRAL	0.02961370724705212	AGAINST	0.004665645360893884
4779b71939eee2d8d50076cac9595622	FAVOR	0.6458976222577433	NEUTRAL	0.3312998708584474	AGAINST	0.022802506883809436
5ad862c5c6056557b17332e065e16c72	FAVOR	0.4966666825795676	NEUTRAL	0.4904407509203849	AGAINST	0.012892566500047395
d2542df4d493c13ba4a2fd4626f9fc6f	FAVOR	0.5664054959623207	NEUTRAL	0.40821429730861913	AGAINST	0.02538020672906017
6919a68aa94974f17ea8d8201804226d	FAVOR	0.4970300461579514	NEUTRAL	0.46605431254403473	AGAINST	0.036915641298013925
bc21908cf661e68068371e5f68a9c557	FAVOR	0.5819040583950977	NEUTRAL	0.39134592803369656	AGAINST	0.026750013571205787
6f1d1a6b4c37810f406e34100967a593	FAVOR	0.41175505516054844	NEUTRAL	0.5593706770999977	AGAINST	0.028874267739453903
44ea466660fec2075b7e8209fcbdf462	FAVOR	0.5571983588208996	NEUTRAL	0.42607765345055587	AGAINST	0.01672398772854449
22b5a48bee996b498c29f99bd27abe51	FAVOR	0.627502964815542	NEUTRAL	0.35231190105895616	AGAINST	0.02018513412550189
a21af7d314038b7eb92fadb336d81079	FAVOR	0.8516817916882674	NEUTRAL	0.13687346350961588	AGAINST	0.011444744802116748
17427ef2d6ca443e3d71195d072fa5fd	FAVOR	0.7600452665458546	NEUTRAL	0.2155440084173601	AGAINST	0.024410725036785225
1e9b97aecf52e3c149348472ca3cb501	FAVOR	0.8092453252111126	NEUTRAL	0.16137538444805283	AGAINST	0.029379290340834613
9a025d023aec3e5110a1d3e07c499928	FAVOR	0.637823623484511	NEUTRAL	0.3353163051586417	AGAINST	0.02686007135684721
e61f8a9252d2b4239350b5bc19580ff8	FAVOR	0.7600452665458546	NEUTRAL	0.2155440084173601	AGAINST	0.024410725036785225
efb7f4f25b39b31c038dc514d7035d76	FAVOR	0.8179628813697276	NEUTRAL	0.15657065854764127	AGAINST	0.02546646008263121
722a1ce288d270f8efa2320430cb0b33	FAVOR	0.6459291223048641	NEUTRAL	0.333921832280284	AGAINST	0.02014904541485195
