54e6b766931cd6722314cad0cbc2ad8e	NEUTRAL	0.7494135982362694	AGAINST	0.2035245988647222	FAVOR	0.04706180289900835
8fe26f7549dcdd7fcd6ae7cff29c74d3	NEUTRAL	0.5887211288879035	AGAINST	0.37009849757103647	FAVOR	0.04118037354105995
839e440aeebf5521e4243a5d9c80d84c	NEUTRAL	0.5679260685144638	AGAINST	0.29691911504415	FAVOR	0.13515481644138605
d6fe0892652ed2c18c366a1c1d957734	NEUTRAL	0.7968553206749901	AGAINST	0.1791991496741238	FAVOR	0.023945529650886126
56f24a997f65bbe88f0f812c8d09c86e	NEUTRAL	0.3800107758365099	AGAINST	0.580535608334599	FAVOR	0.03945361582889103
c0fa571cc0c3433f87f2b726e3945e3e	NEUTRAL	0.47147001322484683	AGAINST	0.4018860810183526	FAVOR	0.1266439057568006
6cca7848c6cf9fe129fdadf58b72572e	NEUTRAL	0.5516697182041648	AGAINST	0.3148731427311489	FAVOR	0.13345713906468631
91dc6c34454e56db547d68e9e5c9c2f	NEUTRAL	0.6580328413540282	AGAINST	0.2956242318655799	FAVOR	0.04634292678039193
9a050f538ccbae6bd937b19d86f553e1	NEUTRAL	0.5972360577334505	AGAINST	0.3178129282070551	FAVOR	0.08495101405949462
a0ebd0b082bcaa52977e83b95b83d463	NEUTRAL	0.6430779304333034	AGAINST	0.3173813593906912	FAVOR	0.03954071017600547
9ba5e14dc23e6328542730d30406f9ba	NEUTRAL	0.731027024034961	AGAINST	0.23893830298668742	FAVOR	0.030034672978351544
d0eaca28b29eaba73f3211988255d8af	NEUTRAL	0.9492070647361103	AGAINST	0.03670688845164138	FAVOR	0.014086046812248504
f55fa0e5869d13b9953b95f83ce698b6	NEUTRAL	0.6083663787274317	AGAINST	0.1668204559561463	FAVOR	0.22481316531642184
dc48f08a4d0f245407a4d25a819bc874	NEUTRAL	0.5972360577334505	AGAINST	0.3178129282070551	FAVOR	0.08495101405949462
4ebb9e6db369a6f3d8d4ca62abfe61a3	NEUTRAL	0.0027429713321334274	AGAINST	0.9961253213900919	FAVOR	0.0011317072777747791
bb183992d5a88a19e12acd7244479e6c	NEUTRAL	0.7094890678038075	AGAINST	0.2382311227972613	FAVOR	0.05227980939893111
a1487cf6de8e5bcf0a0f95a8f9c2d156	NEUTRAL	0.7701817380068536	AGAINST	0.17777219100724262	FAVOR	0.05204607098590381
7a750f6dfe4289c844da311a6746e831	NEUTRAL	0.678103599360061	AGAINST	0.2813779492727975	FAVOR	0.04051845136714145
2292a7fffd318bd0eaf9eac567d7836e	NEUTRAL	0.6956557158931693	AGAINST	0.25981560347750987	FAVOR	0.04452868062932081
c696314d0fb0c734a599e6109ab8d59	NEUTRAL	0.8197220062200247	AGAINST	0.1495908979176942	FAVOR	0.03068709586228112
57de527dd60151b99552ea940234fb7	NEUTRAL	0.8031337259922902	AGAINST	0.16660461247852482	FAVOR	0.030261661529184882
33bded442d577f7a13b7273051c5f069	NEUTRAL	0.4951942912476656	AGAINST	0.409274954412582	FAVOR	0.09553075433975232
16c56881e600927d6c500ed6fc205f8	NEUTRAL	0.8031712068185634	AGAINST	0.18646226812670808	FAVOR	0.010366525054728659
d3420fd83c5b9c2384c2138ad1642da0	NEUTRAL	0.5887211288879035	AGAINST	0.37009849757103647	FAVOR	0.04118037354105995
71b1ddf4511aae30c562dd05b07b3cbd	NEUTRAL	0.45104574323852736	AGAINST	0.5154161031869886	FAVOR	0.03353815357448406
3cfe99ab45ca15c5b57a15b5164cd18a	NEUTRAL	0.37614970286636806	AGAINST	0.5814430186127414	FAVOR	0.04240727852089058
991e02972af742ec59d8cffc1d46baff	NEUTRAL	0.7804500092287806	AGAINST	0.2010667808452986	FAVOR	0.018483209925920754
40f64d0fb27bda7d984bc20251729a8f	NEUTRAL	0.4233189519235066	AGAINST	0.4304429317235276	FAVOR	0.1462381163529658
78507c628c2c4272de8df7583b14ca0a	NEUTRAL	0.9062462249090439	AGAINST	0.08178866932403261	FAVOR	0.011965105766923322
3f3d7833a93ca35a03f1b1c30dee99ec	NEUTRAL	0.0015786810688361893	AGAINST	0.997123607669045	FAVOR	0.0012977112621188512
72ed428a50b832dd21c56e68dd3b268c	NEUTRAL	0.7944626290996293	AGAINST	0.19260787676143323	FAVOR	0.012929494138937429
fe813cd45e366fbe75700f6ecd859509	NEUTRAL	0.3992259277667477	AGAINST	0.5285084249802472	FAVOR	0.07226564725300513
6106c2b7873c020210e0541caf30ec5c	NEUTRAL	0.7772609223766294	AGAINST	0.18690050386164114	FAVOR	0.035838573761729345
ede5118f567c4f143c5d4aec8def7c5a	NEUTRAL	0.8639898481373227	AGAINST	0.10969733694883783	FAVOR	0.026312814913839404
7579a8558706190dfd6bf9a7fa7d4e7c	NEUTRAL	0.7181456179718497	AGAINST	0.22533787318066206	FAVOR	0.05651650884748825
bb18acce22e044fd295ecf522f270c5	NEUTRAL	0.5566073966905681	AGAINST	0.3562838215114117	FAVOR	0.08710878179802016
761b560614fb746f943b27a7f882402b	NEUTRAL	0.34017213855877315	AGAINST	0.6301852474532366	FAVOR	0.02964261398799039
9df1e213aa8e7a6dd736ad120cf80afe	NEUTRAL	0.8681012095575922	AGAINST	0.1129724805635638	FAVOR	0.01892630987884397
415b51491502dd9b6b7b97968eac5c99	NEUTRAL	0.4233189519235066	AGAINST	0.4304429317235276	FAVOR	0.1462381163529658
f3129f926629a7a5fc0d4a9af3a05b19	NEUTRAL	0.8866004509510115	AGAINST	0.09688940421328368	FAVOR	0.0165101448357049
bed72f874c8765beaa886103023da112	NEUTRAL	0.7804500092287806	AGAINST	0.2010667808452986	FAVOR	0.018483209925920754
71f065e3411eb2748616fef57d4a048a	NEUTRAL	0.24077987865198178	AGAINST	0.7156177360260214	FAVOR	0.0436023853219968
9a94c06d35854eb82f17e8fb22e2ba2a	NEUTRAL	0.8160982012854874	AGAINST	0.15556756598298946	FAVOR	0.02833423273152327
de9003650f1dd7e380e963dd1ee66b30	NEUTRAL	0.7094890678038075	AGAINST	0.2382311227972613	FAVOR	0.05227980939893111
ccca839f093286f4860b3dd62f8b31d2	NEUTRAL	0.6088254224980025	AGAINST	0.3570085507931034	FAVOR	0.03416602670889405
7a96ab9f7100953945b27e4040fa004b	NEUTRAL	0.7094890678038075	AGAINST	0.2382311227972613	FAVOR	0.05227980939893111
b4e3c7c54addee1727f11962062bd463	NEUTRAL	0.44231468374595095	AGAINST	0.5159826622580183	FAVOR	0.04170265399603081
bf3a27839c41aebf9fd54fb53e741745	NEUTRAL	0.22733948097671985	AGAINST	0.5614424846663418	FAVOR	0.21121803435693823
1208dd9160a7a2a87d1d82add5326de6	NEUTRAL	0.5566073966905681	AGAINST	0.3562838215114117	FAVOR	0.08710878179802016
66b0d82350c1ea04c1ef8c2ddf7353a6	NEUTRAL	0.8405255849637927	AGAINST	0.14975924511847216	FAVOR	0.009715169917735193
fcae9c41e83c47cb002e009b41742636	NEUTRAL	0.16282730412623425	AGAINST	0.7965782821102146	FAVOR	0.0405944137635512
452013e5c3513f3be5388093a635f129	NEUTRAL	0.6327608651252944	AGAINST	0.3120672280068403	FAVOR	0.055171906867865134
6048051becce4fa0dab9f17fa5eac5c8	NEUTRAL	0.5521615377335752	AGAINST	0.2877823653650831	FAVOR	0.16005609690134165
600be9807276e7fcd73c80c60b259716	NEUTRAL	0.004430841388469991	AGAINST	0.9944365657824911	FAVOR	0.0011325928290390032
5872fc7f3d7b83197ab85643f32d69b9	NEUTRAL	0.4820960002631893	AGAINST	0.36552218071501946	FAVOR	0.15238181902179113
4600d996f154ff5190ca1c917429cfe9	NEUTRAL	0.8766662188101614	AGAINST	0.10200011430497101	FAVOR	0.021333666884867555
3c7d4ed4f5cc0f04e3a56d1c9ed7a6ed	NEUTRAL	0.5951827561859951	AGAINST	0.3400659151607431	FAVOR	0.06475132865326183
8ea8fa9559e682cc13922ded492347e1	NEUTRAL	0.06336606555074174	AGAINST	0.9220169212493848	FAVOR	0.014617013199873343
15f54f29d6e53902f98ca251a9be64ff	NEUTRAL	0.7804500092287806	AGAINST	0.2010667808452986	FAVOR	0.018483209925920754
b5611ff8bf1168d77cce3b7e597361f9	NEUTRAL	0.7094890678038075	AGAINST	0.2382311227972613	FAVOR	0.05227980939893111
8c733c4bcabdee4b8ae25e731723f51e	NEUTRAL	0.7094890678038075	AGAINST	0.2382311227972613	FAVOR	0.05227980939893111
6d0348dfc4a23771fd7b05af602b6336	NEUTRAL	0.4311282715873384	AGAINST	0.4838190152939399	FAVOR	0.08505271311872176
3ceade4913a68c222fa9a2235d951b4b	NEUTRAL	0.8973759253990357	AGAINST	0.0820842053536168	FAVOR	0.02053986924734763
dee54202b8916da68797d5895ab90503	NEUTRAL	0.0026462247439071798	AGAINST	0.9951266112809419	FAVOR	0.002227163975150798
8c6f98c3b886e0b133b65e1db4f114dc	NEUTRAL	0.8007742846286912	AGAINST	0.1457590571664303	FAVOR	0.05346665820487856
cfcc0b80debb38a514e0ec9da2276237	NEUTRAL	0.6424467991657539	AGAINST	0.21346989585645193	FAVOR	0.1440833049777942
df9b2bac1e3e0a2d15418ae72d03f744	NEUTRAL	0.5972360577334505	AGAINST	0.3178129282070551	FAVOR	0.08495101405949462
176e0c8661520c926b1c7bea0d0b52b3	NEUTRAL	0.5566073966905681	AGAINST	0.3562838215114117	FAVOR	0.08710878179802016
ad7fb1a99778be711408fc7a16fa9bc6	NEUTRAL	0.30600789429631486	AGAINST	0.5683384799282039	FAVOR	0.12565362577548114
525d576fa2c4f00066c7899f8e85b14a	NEUTRAL	0.4728868109459347	AGAINST	0.32860069181657037	FAVOR	0.19851249723749495
995d2823ce1c13efa0516c214626617c	NEUTRAL	0.7459613021661962	AGAINST	0.21763276013890254	FAVOR	0.03640593769490139
a8dcf0fb40d639d69766044e1fc4207d	NEUTRAL	0.7094890678038075	AGAINST	0.2382311227972613	FAVOR	0.05227980939893111
458c5150b1fe507935854d75ffa9d7c5	NEUTRAL	0.891716861387844	AGAINST	0.09395967243110163	FAVOR	0.014323466181054442
477bf2b833e52c7829f7e00cbf190901	NEUTRAL	0.49037273575514606	AGAINST	0.41297039750580544	FAVOR	0.09665686673904857
297e833e1a69cfbeb0443e54743e857c	NEUTRAL	0.6938696143512499	AGAINST	0.26223692846161095	FAVOR	0.04389345718713896
8f4bfdba2f697f1ee752049c1a1e0964	NEUTRAL	0.6506237302569304	AGAINST	0.27590443129383135	FAVOR	0.07347183844923816
30ee3549f6d673c1ee7df315147a2d1f	NEUTRAL	0.7838653881339045	AGAINST	0.20077981814919	FAVOR	0.015354793716905457
fbe1ff39c0c8fea8bc5e6b8c250b2d9a	NEUTRAL	0.561708026601394	AGAINST	0.39384900083071467	FAVOR	0.044442972567891446
33b9f59ddaff41551d502699fab84065	NEUTRAL	0.8101016830429475	AGAINST	0.17044550910751224	FAVOR	0.019452807849540277
32fb66d102c793bdb1a60f6164cfeb6e	NEUTRAL	0.7485233337566146	AGAINST	0.2030356665259653	FAVOR	0.04844099971742
41b5753044866cdb58f90ee88bced90b	NEUTRAL	0.8061437646171313	AGAINST	0.16537590803306765	FAVOR	0.028480327349801014
8b0a3b34a5172e424414574550ef9ef2	NEUTRAL	0.8449224993654845	AGAINST	0.1470159110491897	FAVOR	0.00806158958532582
792b35b30f772778c3969400c07ebe98	NEUTRAL	0.7648923370904774	AGAINST	0.18461672303575077	FAVOR	0.05049093987377193
4281aa367c81befe9285299740c4f672	NEUTRAL	0.8242719103921914	AGAINST	0.1563233555751526	FAVOR	0.01940473403265621
daaf23944959f2201c01383de549aff	NEUTRAL	0.5577251988683024	AGAINST	0.38702684277247534	FAVOR	0.05524795835922219
8e92412130cb61b683d51118fc58f50e	NEUTRAL	0.5010166577042954	AGAINST	0.4627866992017831	FAVOR	0.036196643093921406
ac7bc2ec0db505b6622758ca58963919	NEUTRAL	0.8847088905224388	AGAINST	0.07694595327235798	FAVOR	0.03834515620520306
e7e78d2fb1247431a967e76521a19367	NEUTRAL	0.8866004509510115	AGAINST	0.09688940421328368	FAVOR	0.0165101448357049
98f7f344a16e51824ac3a28fff5d07f7	NEUTRAL	0.5743943462831905	AGAINST	0.3985133366579547	FAVOR	0.027092317058854794
a9d7527544fe6c7e8b9364515b1ffa18	NEUTRAL	0.7094890678038075	AGAINST	0.2382311227972613	FAVOR	0.05227980939893111
e97df73db3a87b410be4c63f82e53d7b	NEUTRAL	0.22123859915371033	AGAINST	0.739155617930314	FAVOR	0.03960578291597567
4d2bdab248d863fa592badb90d40ac48	NEUTRAL	0.6580328413540282	AGAINST	0.2956242318655799	FAVOR	0.04634292678039193
2dd398f9655b823fd753fc0079c324bd	NEUTRAL	0.8536689287248261	AGAINST	0.12177364387313519	FAVOR	0.02455742740203859
fc6ee1e7cf1326d35d222947096c3e1c	NEUTRAL	0.7094890678038075	AGAINST	0.2382311227972613	FAVOR	0.05227980939893111
3c0b367704c95a93efe53d1f4b66b425	NEUTRAL	0.7804500092287806	AGAINST	0.2010667808452986	FAVOR	0.018483209925920754
dfbaf303158a8e69667727d5e3c1dffd	NEUTRAL	0.7094890678038075	AGAINST	0.2382311227972613	FAVOR	0.05227980939893111
74f30fd23079baf6cc87e9c8d99026df	NEUTRAL	0.7438035690857495	AGAINST	0.23960108507243388	FAVOR	0.016595345841816652
9267949594cba5111b8680765c8e332e	NEUTRAL	0.4992076796876636	AGAINST	0.4313858845088078	FAVOR	0.06940643580352858
73a7fcfab2a7420c7bcdd93cfd8dc071	NEUTRAL	0.7094890678038075	AGAINST	0.2382311227972613	FAVOR	0.05227980939893111
af646bacb93578bda661fcfcec388214	NEUTRAL	0.5566073966905681	AGAINST	0.3562838215114117	FAVOR	0.08710878179802016
a64123fe1ef5435253f01952d07c630b	NEUTRAL	0.7348726324767899	AGAINST	0.20485922156908917	FAVOR	0.06026814595412078
c32b5595ef1145236fb4dd35b141241c	NEUTRAL	0.6421001582991969	AGAINST	0.30626649556428026	FAVOR	0.051633346136522866
bbc1240e65656d22c9739961531afde6	NEUTRAL	0.06805111957157145	AGAINST	0.9129829183684177	FAVOR	0.018965962060010947
7caea4d1eed20b4f941585ba2ee949c	NEUTRAL	0.09967059424941738	AGAINST	0.8733461703340177	FAVOR	0.02698323541656472
e7a4b267093fc796bb011e0f9ff4b40	NEUTRAL	0.6580328413540282	AGAINST	0.2956242318655799	FAVOR	0.04634292678039193
6a2c735725d49e4ae4d6313f0c5d2df0	NEUTRAL	0.4946949364432537	AGAINST	0.47512143108148686	FAVOR	0.030183632475259434
32dc1faa6b202f6f63d987720776796f	NEUTRAL	0.7281611080784399	AGAINST	0.1938152665438905	FAVOR	0.07802362537766959
74dc587910c834592096717563a8a47b	NEUTRAL	0.8617957784124822	AGAINST	0.11748165707901055	FAVOR	0.02072256450850731
13956f0cb40b34e7ff8bdde51d95b5a	NEUTRAL	0.7181456179718497	AGAINST	0.22533787318066206	FAVOR	0.05651650884748825
685b7926f31d1c56501c762a6ed2dade	NEUTRAL	0.610482233274988	AGAINST	0.38046979714234613	FAVOR	0.009047969582665877
3ad9acb47f2fe098c039e66b43853761	NEUTRAL	0.7573475978990557	AGAINST	0.1852669179357687	FAVOR	0.05738548416517552
3c374c8643c3bac03e78d677591e6946	NEUTRAL	0.7964065663157412	AGAINST	0.17538879334489887	FAVOR	0.02820464033935992
ba0e0a540da6a473014184a30f5f90dd	NEUTRAL	0.701430371262598	AGAINST	0.2666840527799758	FAVOR	0.031885575957426276
e57d232f887d375eca3456fdb794e2af	NEUTRAL	0.5045831704730653	AGAINST	0.4442203909240802	FAVOR	0.051196438602854416
6775dbac7bb6848806fc4c3f1d99eb2c	NEUTRAL	0.7482462050574664	AGAINST	0.20432992426220062	FAVOR	0.04742387068033301
4e74ea31081201b161331c1eea85dcc1	NEUTRAL	0.4266526587495173	AGAINST	0.5284384945674817	FAVOR	0.04490884668300108
661352c40edd27ab46ef1b7e6f1eb63e	NEUTRAL	0.6580328413540282	AGAINST	0.2956242318655799	FAVOR	0.04634292678039193
c6ec0f38c31c822806982be9be92eac4	NEUTRAL	0.7408832093050106	AGAINST	0.14671854590641042	FAVOR	0.11239824478857902
e119eae88eee6e526a064fca32654adf	NEUTRAL	0.7804500092287806	AGAINST	0.2010667808452986	FAVOR	0.018483209925920754
ce574f1e05b9ce942fae8ee8a2dc4c34	NEUTRAL	0.5665129769498337	AGAINST	0.3606297865432498	FAVOR	0.07285723650691658
a080838a2e1e6b5698a9a67cecfd36b1	NEUTRAL	0.5946819090615617	AGAINST	0.3500796113376856	FAVOR	0.0552384796007527
a9187e416d976ec8d314de44cb4c8980	NEUTRAL	0.5665129769498337	AGAINST	0.3606297865432498	FAVOR	0.07285723650691658
287b0c0a84aa7cd52e6952bd92108a0d	NEUTRAL	0.8681066052876606	AGAINST	0.08028008076384552	FAVOR	0.05161331394849398
5d86da69c9fae909f14561bc50ee28bc	NEUTRAL	0.52817324419338	AGAINST	0.21456573245646687	FAVOR	0.25726102335015316
ee3e52342340ab892190a8030e6dff07	NEUTRAL	0.7181456179718497	AGAINST	0.22533787318066206	FAVOR	0.05651650884748825
3a330700f27f13f473f4f9149ffe7ed5	NEUTRAL	0.7094890678038075	AGAINST	0.2382311227972613	FAVOR	0.05227980939893111
7665296a486120fd570d8bd68f0e906	NEUTRAL	0.7094890678038075	AGAINST	0.2382311227972613	FAVOR	0.05227980939893111
eb0e330cde78c615856dd8dc157d21a4	NEUTRAL	0.6862357528359961	AGAINST	0.2759214125065971	FAVOR	0.03784283465740684
31a40e7d50d8c37c5039fcf78f2bd322	NEUTRAL	0.16557076969691473	AGAINST	0.769502571762314	FAVOR	0.0649266585407713
55068c7278cf4c8f2bfe9bf54c6a0b23	NEUTRAL	0.1027476822631694	AGAINST	0.8808005328160471	FAVOR	0.016451784920783415
84b7d6efe8a5bff5909e337f251391af	NEUTRAL	0.7094890678038075	AGAINST	0.2382311227972613	FAVOR	0.05227980939893111
567a0b68bef0116c21348dee5344f4e7	NEUTRAL	0.7235428435892306	AGAINST	0.16922195807001836	FAVOR	0.10723519834075108
c41703b6c79ba5bf29fd4666d6704783	NEUTRAL	0.6920079056386413	AGAINST	0.2370878850612085	FAVOR	0.0709042093001502
4e850fcd27c59bddf8be5fceeb4db4ed	NEUTRAL	0.5657362246117683	AGAINST	0.41522580147449833	FAVOR	0.019037973913733307
3c6706ec8fb982cacbe277d216c3d9d3	NEUTRAL	0.4226544157459205	AGAINST	0.514086626399408	FAVOR	0.06325895785467138
8091d72a47e6bd226450a34b2b4bc3be	NEUTRAL	0.9382788484970394	AGAINST	0.05685580605392763	FAVOR	0.004865345449032854
bd12c7574309fbb40e780158f78ec2ed	NEUTRAL	0.21447282642001855	AGAINST	0.7317230280750943	FAVOR	0.05380414550488726
72bf835a7b6d685eb7d68476c9fa522f	NEUTRAL	0.5972360577334505	AGAINST	0.3178129282070551	FAVOR	0.08495101405949462
1f9f2d7771efcec75c93d18f852d043d	NEUTRAL	0.8465613442236163	AGAINST	0.13502708852257791	FAVOR	0.018411567253805713
263784d3f403c9c278466b9132ab8007	NEUTRAL	0.4825824545593881	AGAINST	0.4624435876212933	FAVOR	0.05497395781931856
c280bdead4d2373e2caf06d35f18091a	NEUTRAL	0.013042767564386383	AGAINST	0.9852205034311303	FAVOR	0.0017367290044832358
a9eb18253de08d907b4cf1c8e8118f27	NEUTRAL	0.5163225682629737	AGAINST	0.4605842915213641	FAVOR	0.023093140215662195
df9eba4f3c739579153bedd4d3768b22	NEUTRAL	0.6804085749228931	AGAINST	0.3061033853014156	FAVOR	0.013488039775691322
83b17d423243a7124e077bc125541984	NEUTRAL	0.7094890678038075	AGAINST	0.2382311227972613	FAVOR	0.05227980939893111
7355278206b8e7edb8df07d45a749dfd	NEUTRAL	0.13553525802955227	AGAINST	0.7416763298285524	FAVOR	0.12278841214189543
8ccd5ed1b3fa332e1682267bd2787666	NEUTRAL	0.4033986466185197	AGAINST	0.5607105265555964	FAVOR	0.03589082682588402
bf956602f5a7318591ef54e94dc81248	NEUTRAL	0.8165497437683519	AGAINST	0.1598641416141045	FAVOR	0.023586114617543747
9e64bbb8ea105428dea21992ac4a6543	NEUTRAL	0.44497916697961337	AGAINST	0.5277651645568808	FAVOR	0.02725566846350595
747ffdec1d5d201f8f98880bfd4f6291	NEUTRAL	0.383568391624554	AGAINST	0.5339216826216302	FAVOR	0.08250992575381592
24d7a98e93e9070b782a19768a1b3b34	NEUTRAL	0.5300362286845455	AGAINST	0.32038427982845114	FAVOR	0.14957949148700345
55243fd5b76d3a58b978ddb0d5fb8061	NEUTRAL	0.5566073966905681	AGAINST	0.3562838215114117	FAVOR	0.08710878179802016
e39fabebe7f14647af7658795b414c37	NEUTRAL	0.6915173835278768	AGAINST	0.2373881412808865	FAVOR	0.07109447519123667
1eb826f12d8d13bbc76d70cf0c1855e5	NEUTRAL	0.7094890678038075	AGAINST	0.2382311227972613	FAVOR	0.05227980939893111
7f09889e1a3cc643e67d17c74c7a5e74	NEUTRAL	0.2725405673609783	AGAINST	0.6920159764493283	FAVOR	0.03544345618969336
750e7f0eee3bc4c0c9679ef6cac4a414	NEUTRAL	0.8052137604380877	AGAINST	0.14486960838823273	FAVOR	0.04991663117367962
f3729be04a1d37f9e68afdb8d491712d	NEUTRAL	0.27162786227993835	AGAINST	0.7136105607140878	FAVOR	0.014761577005973723
1fd37b72a191cf29cc1c9d5baa16cf0e	NEUTRAL	0.8097992785253229	AGAINST	0.14652880817175054	FAVOR	0.043671913302926406
a2d0aba38388f297a6a7595b8e8f65da	NEUTRAL	0.4820960002631893	AGAINST	0.36552218071501946	FAVOR	0.15238181902179113
9643461cfca7c0d0eaced39f9afced09	NEUTRAL	0.2887783728650675	AGAINST	0.7055685620177892	FAVOR	0.005653065117143363
9a442e724cb0354b0a73ee005f7c6781	NEUTRAL	0.5119956453424708	AGAINST	0.3401162497935849	FAVOR	0.14788810486394438
e750e046b13f11845628284e9bfc6360	NEUTRAL	0.27205405127184423	AGAINST	0.6380722300301399	FAVOR	0.08987371869801589
58093564d8bcad0a2f4b5c88d1883513	NEUTRAL	0.7372062827389892	AGAINST	0.18315687237922318	FAVOR	0.07963684488178777
395f216dd269f235dcde2ec6365d7ba7	NEUTRAL	0.6991391399239453	AGAINST	0.2585759739071836	FAVOR	0.04228488616887114
6428975aee110b000022afee4f3efcb5	NEUTRAL	0.737742973015626	AGAINST	0.22491860920108186	FAVOR	0.03733841778329219
8bbc9ffe6780b846aa7ee386bb84c398	NEUTRAL	0.2738748320873103	AGAINST	0.6331351636282134	FAVOR	0.09299000428447628
a063cb1e0a702d37335f64dce4686b8f	NEUTRAL	0.7094890678038075	AGAINST	0.2382311227972613	FAVOR	0.05227980939893111
88a1b5b13dd55f383483c269348c370f	NEUTRAL	0.14505911967434806	AGAINST	0.8149522950124909	FAVOR	0.039988585313160845
d9fd123ea2c7bf027503491212b94d31	NEUTRAL	0.7681152801373361	AGAINST	0.2091837258731603	FAVOR	0.02270099398950354
903894bc15aa91055c40d7f5c31503f5	NEUTRAL	0.7297863678106076	AGAINST	0.22616225288117917	FAVOR	0.044051379308213304
3fdedfb738f042b3d6d96d6475066c8b	NEUTRAL	0.5911204847602127	AGAINST	0.3311253366029221	FAVOR	0.07775417863686525
b0cc26d347a6ad943c58d3c29cce4280	NEUTRAL	0.6390056256168338	AGAINST	0.32274968256450265	FAVOR	0.038244691818663544
1464b2572f22ca968ac327206bb9b880	NEUTRAL	0.6908464717053022	AGAINST	0.251917735357033	FAVOR	0.05723579293766477
80b00a531baecd21240cedd63e018297	NEUTRAL	0.5881744490229304	AGAINST	0.3116063071995452	FAVOR	0.10021924377752442
8669797d41dc4abbe7e8f928aeb500ea	NEUTRAL	0.7665111480613667	AGAINST	0.21842628047364962	FAVOR	0.015062571464983625
74b6a3d06c98427da293e2eac05f49eb	NEUTRAL	0.4266294761028175	AGAINST	0.4401715032998758	FAVOR	0.13319902059730673
985cc858ee467f4a014df9003f1a84fd	NEUTRAL	0.35207515937529965	AGAINST	0.5674485388215543	FAVOR	0.08047630180314595
13e0f7235d6ce9a97773594c9ba8259c	NEUTRAL	0.5972360577334505	AGAINST	0.3178129282070551	FAVOR	0.08495101405949462
25d5ebaf672906fa296ef7d55e818ed5	NEUTRAL	0.8304466708973708	AGAINST	0.12777093984796858	FAVOR	0.041782389254660726
291e4845ff6fdfa97e375373283fc645	NEUTRAL	0.5566073966905681	AGAINST	0.3562838215114117	FAVOR	0.08710878179802016
27c13957cd148ef27464b42ce48fb348	NEUTRAL	0.8064739975848089	AGAINST	0.14664034731225792	FAVOR	0.046885655102933126
52b39e003a0d8c9a839e5eba00eac725	NEUTRAL	0.2725405673609783	AGAINST	0.6920159764493283	FAVOR	0.03544345618969336
5df3dcc651f59e6090ff68b5e75fc4ad	NEUTRAL	0.6325985914818046	AGAINST	0.2843744678629211	FAVOR	0.0830269406552743
6af509433d1cff155cad7e845a3f4a55	NEUTRAL	0.7094890678038075	AGAINST	0.2382311227972613	FAVOR	0.05227980939893111
9175366098af12f379d876e959108620	NEUTRAL	0.0044312396099421576	AGAINST	0.9943793109719451	FAVOR	0.0011894494181126675
d33bf06f1a5d37cc6faea862449d97cd	NEUTRAL	0.5329090244907596	AGAINST	0.3218459398622704	FAVOR	0.14524503564697
e3a27caf4668ae47272c7a20b55f3556	NEUTRAL	0.26339328534337425	AGAINST	0.7045812493878414	FAVOR	0.03202546526878422
f8dfc80bf787b9a29eab981cd1e96a14	NEUTRAL	0.7627779658424091	AGAINST	0.19313360157454695	FAVOR	0.044088432583043825
8ec7c273263eb9a6bd959289ea0d81a5	NEUTRAL	0.5598664707709183	AGAINST	0.35258590432931	FAVOR	0.08754762489977168
8e8b5a6ec3bc9ca031b8633ce2dfd0a1	NEUTRAL	0.7236510553530958	AGAINST	0.20739204446104054	FAVOR	0.06895690018586369
ef902f24c2c09b67a841cb1e93d1ea87	NEUTRAL	0.6203165016456884	AGAINST	0.30440115408476914	FAVOR	0.0752823442695425
2bc00a14e7d84d07c80184536190424b	NEUTRAL	0.3839113332734309	AGAINST	0.5812042407785435	FAVOR	0.03488442594802567
6351538f043c7e9f847a7f69dcb6f39b	NEUTRAL	0.7009744068388196	AGAINST	0.2627753077028064	FAVOR	0.036250285458374
672750b3029e73751d8cde5590bcdea9	NEUTRAL	0.7879509448211819	AGAINST	0.16128317290486913	FAVOR	0.050765882273949126
558ae3ff654c94a6a06ac6df348c9108	NEUTRAL	0.7094890678038075	AGAINST	0.2382311227972613	FAVOR	0.05227980939893111
609ad464e3505f7a10e79cb679a4df8a	NEUTRAL	0.6146467060517373	AGAINST	0.3348581894707342	FAVOR	0.05049510447752857
dd9c952a9c674d7afe929d2166b3eea3	NEUTRAL	0.7804500092287806	AGAINST	0.2010667808452986	FAVOR	0.018483209925920754
ee1abf2ab1db718f09f115cdcc13e4a3	NEUTRAL	0.8373403828729276	AGAINST	0.09441992689669816	FAVOR	0.06823969023037421
c400a28ae1720b2269b02ac6991aa336	NEUTRAL	0.5212671780413957	AGAINST	0.42151403896439826	FAVOR	0.05721878299420604
2c1b97a1df9f6cb2fd8ebdf30d544ace	NEUTRAL	0.7094890678038075	AGAINST	0.2382311227972613	FAVOR	0.05227980939893111
1bf861508062454c0495bfd64ece55f1	NEUTRAL	0.7094890678038075	AGAINST	0.2382311227972613	FAVOR	0.05227980939893111
7d96f72ba754a228e9abc090a5fbcef8	NEUTRAL	0.6209318157291649	AGAINST	0.2980132378213805	FAVOR	0.0810549464494545
ea89ca78aadf918d886eced0ae201a16	NEUTRAL	0.5570482863051877	AGAINST	0.4250749368324414	FAVOR	0.017876776862371012
30162ec5324c38881f693d8f2959e3be	NEUTRAL	0.09342628147018245	AGAINST	0.8741734084492448	FAVOR	0.03240031008057271
8735953e53475c9d0ddedff55aa10625	NEUTRAL	0.6697379446961397	AGAINST	0.25899384621116817	FAVOR	0.0712682090926921
3e83a0b1bdb132f9ef527aa7156128b	NEUTRAL	0.6264291086029976	AGAINST	0.33473744812739253	FAVOR	0.038833443269609996
a2764affd2f9f924160d6ae7d958c305	NEUTRAL	0.6225086413825565	AGAINST	0.32217470445118346	FAVOR	0.055316654166260075
c826a3fe3eb1ad0b5beb1a1389b109f2	NEUTRAL	0.7181456179718497	AGAINST	0.22533787318066206	FAVOR	0.05651650884748825
8870c6f77f5fb2f02d81565462836f63	NEUTRAL	0.8252026266966606	AGAINST	0.13585601416401671	FAVOR	0.03894135913932261
5d897fab61ee174b1f0ee15a8b8919d8	NEUTRAL	0.24013138854075555	AGAINST	0.7499294742084809	FAVOR	0.009939137250763567
954045508f515c753bd9655beec34150	NEUTRAL	0.4820960002631893	AGAINST	0.36552218071501946	FAVOR	0.15238181902179113
96230e198cc3d7f3cb806d2184323241	NEUTRAL	0.6652415229753684	AGAINST	0.23375525648798423	FAVOR	0.10100322053664738
a014b907542ca6c1aed0767dfcd9396a	NEUTRAL	0.5663571499242605	AGAINST	0.3393049168223071	FAVOR	0.09433793325343243
126ae15b67c107b0b8b99fecb8c849e5	NEUTRAL	0.04304674908769065	AGAINST	0.9539913382844086	FAVOR	0.0029619126279008174
fd20e21520574da5e35139d086841f5	NEUTRAL	0.7804500092287806	AGAINST	0.2010667808452986	FAVOR	0.018483209925920754
2ffa3801e80c08608b741f2c4cd5080f	NEUTRAL	0.4820960002631893	AGAINST	0.36552218071501946	FAVOR	0.15238181902179113
e2aad8353c39c1d5cff6e27fa1c306a8	NEUTRAL	0.7804500092287806	AGAINST	0.2010667808452986	FAVOR	0.018483209925920754
cd8fd55ce23c1d2a315e429967c884bc	NEUTRAL	0.7649726508785629	AGAINST	0.163910318038497	FAVOR	0.07111703108294015
46c94bc53c3ba38eea815771e270d0ba	NEUTRAL	0.5570771796722324	AGAINST	0.18912361089332488	FAVOR	0.2537992094344427
34982162d638a602416c70198ce11978	NEUTRAL	0.7406645368505476	AGAINST	0.20586930045635746	FAVOR	0.05346616269309492
b830fb2e23685d7ec6c4f4f80ea88dd6	NEUTRAL	0.5566073966905681	AGAINST	0.3562838215114117	FAVOR	0.08710878179802016
9d06991de766dcd27405c5e68ffcd266	NEUTRAL	0.3406381246616273	AGAINST	0.5548018057771701	FAVOR	0.10456006956120259
22fe1179f5822e0863b2c863e33f0fff	NEUTRAL	0.24554274813070448	AGAINST	0.7321072382807593	FAVOR	0.022350013588536194
11411243ee9e68581df2f89da32493	NEUTRAL	0.7094890678038075	AGAINST	0.2382311227972613	FAVOR	0.05227980939893111
e94c293da9e8f798b8f8776765b54cad	NEUTRAL	0.7094890678038075	AGAINST	0.2382311227972613	FAVOR	0.05227980939893111
767e2c2fd47e068b619bb0540e2e5e15	NEUTRAL	0.7094890678038075	AGAINST	0.2382311227972613	FAVOR	0.05227980939893111
53025a8f458862dcd2c9e5e95e3437b2	NEUTRAL	0.7980451382011273	AGAINST	0.1978871280516211	FAVOR	0.004067733747251598
69ead8ce66f838c4a103b6e90f42210f	NEUTRAL	0.7094890678038075	AGAINST	0.2382311227972613	FAVOR	0.05227980939893111
a97a67ca709744eae564f1af2659dd2e	NEUTRAL	0.6781059900122733	AGAINST	0.2781245319760018	FAVOR	0.04376947801172492
f99d65a1e153991023e3d136de7049f	NEUTRAL	0.42339133898179426	AGAINST	0.49207740008578604	FAVOR	0.08453126093241975
7d525dbd34b61412f8b7fbf1ed1a5e45	NEUTRAL	0.7743657609310138	AGAINST	0.21536677763300396	FAVOR	0.010267461435982296
ccc92b3c40c260e031ee5f52560def51	NEUTRAL	0.8127805292649545	AGAINST	0.16785877542898042	FAVOR	0.019360695306065136
9a4e088ced5bc8be15641271d6444ba	NEUTRAL	0.5566073966905681	AGAINST	0.3562838215114117	FAVOR	0.08710878179802016
e3cee36d5f290490092ae589996a444	NEUTRAL	0.5566073966905681	AGAINST	0.3562838215114117	FAVOR	0.08710878179802016
3cfa40852af258bb3cf63b56e0e79c7e	NEUTRAL	0.6580328413540282	AGAINST	0.2956242318655799	FAVOR	0.04634292678039193
413a7678a25040c056c94e9a6587cf22	NEUTRAL	0.637941512647743	AGAINST	0.33388666166875497	FAVOR	0.028171825683501926
e9a76f10e413153ac8bc1e6ca6335d23	NEUTRAL	0.6798269057593149	AGAINST	0.3012909201419648	FAVOR	0.018882174098720214
2ceb02be5ef733a813ed8348d3495961	NEUTRAL	0.7420000834837494	AGAINST	0.21628664548911772	FAVOR	0.0417132710271328
895fda5d3c8e9e35573c39987fa2fd17	NEUTRAL	0.4906431001239313	AGAINST	0.22308812405817421	FAVOR	0.28626877581789456
dd7c50e52868a2752b3919481992ad83	NEUTRAL	0.7094890678038075	AGAINST	0.2382311227972613	FAVOR	0.05227980939893111
c79c5738babe3b5850c93d95b16d47f3	NEUTRAL	0.9360871559266549	AGAINST	0.057512281720518636	FAVOR	0.00640056235282651
343b95e8e0da3d485f098c441c7d819	NEUTRAL	0.7094890678038075	AGAINST	0.2382311227972613	FAVOR	0.05227980939893111
6815399f59b5c63fd67e082fb780f8ba	NEUTRAL	0.5665129769498337	AGAINST	0.3606297865432498	FAVOR	0.07285723650691658
73e009caa398a519e4d9c3acf908d531	NEUTRAL	0.04721693463985541	AGAINST	0.9281414542017373	FAVOR	0.02464161115840739
ba34d36860d3353750100c1a1042cdb7	NEUTRAL	0.6580328413540282	AGAINST	0.2956242318655799	FAVOR	0.04634292678039193
c97f77985a0e988cc0d24b939c81f69c	NEUTRAL	0.37008021562999044	AGAINST	0.5707372501982546	FAVOR	0.059182534171754876
1bd53f14b1246caf645b109d836949d1	NEUTRAL	0.5566073966905681	AGAINST	0.3562838215114117	FAVOR	0.08710878179802016
6e5d8cbb80775c760ca5898af8952ca3	NEUTRAL	0.5836708429813421	AGAINST	0.3377087027356856	FAVOR	0.0786204542829723
5c18019e2c1ef1f1befd635cb3d54bbb	NEUTRAL	0.6328170810549189	AGAINST	0.33747004662802144	FAVOR	0.029712872317059654
bade205c47a0a9e4133b1864f40fa48b	NEUTRAL	0.7009010733228854	AGAINST	0.2612766609189954	FAVOR	0.03782226575811923
8b7a0652f07c83f94b2ae8f87f1c4e8	NEUTRAL	0.5400883122199372	AGAINST	0.42431479853607695	FAVOR	0.035596889243985845
60b17c58aee6f1485df1e68ae0344ea4	NEUTRAL	0.6327608651252944	AGAINST	0.3120672280068403	FAVOR	0.055171906867865134
37c24125558006355a52113b2ed14157	NEUTRAL	0.9187586818330797	AGAINST	0.07152483045443832	FAVOR	0.009716487712482015
3f0cdc11fb607f504188cf3a778b28fb	NEUTRAL	0.34357439597896067	AGAINST	0.5243532861770297	FAVOR	0.13207231784400966
21cc4625d233dfa993ed8e82cbc9c177	NEUTRAL	0.5780520725323418	AGAINST	0.4124346083749089	FAVOR	0.00951331909274921
4145893e3dcd550221192890eefb8d88	NEUTRAL	0.7094890678038075	AGAINST	0.2382311227972613	FAVOR	0.05227980939893111
400f14b3209cb8ba3fd9ab79e50ab739	NEUTRAL	0.7094890678038075	AGAINST	0.2382311227972613	FAVOR	0.05227980939893111
2c05d2f83303318d46e7648b779fb2ee	NEUTRAL	0.8201680001843752	AGAINST	0.15601844113780394	FAVOR	0.023813558677820826
cf8a01a42078195ba4f553182c352d32	NEUTRAL	0.7094890678038075	AGAINST	0.2382311227972613	FAVOR	0.05227980939893111
cdccea3a679bcef3a850baa1631fa7e2	NEUTRAL	0.7359499328709764	AGAINST	0.22098627875514945	FAVOR	0.04306378837387419
d5711f1b3cfc2cca5b6e33bfe4e3eaf0	NEUTRAL	0.028303698069284046	AGAINST	0.9699246168962397	FAVOR	0.0017716850344763205
9530eaf874b50ca542935938cc9888ba	NEUTRAL	0.7619397980163637	AGAINST	0.17651853168874906	FAVOR	0.06154167029488725
119698ad3aa916bd77fc0d0a881bb34c	NEUTRAL	0.5819578641031801	AGAINST	0.21590926455186912	FAVOR	0.20213287134495075
8b356ddc40e63649a307117225baa58d	NEUTRAL	0.9184947027776396	AGAINST	0.07023234957129691	FAVOR	0.011272947651063634
e1856181b30adfd4bbf3ca507e816992	NEUTRAL	0.36294049273596907	AGAINST	0.5978872805676975	FAVOR	0.039172226696333454
17b894b0f1b1258a7444859b110fd8a3	NEUTRAL	0.7249501331866822	AGAINST	0.24692083622318617	FAVOR	0.02812903059013168
1fbf345ee8856cddb228e80ac1d248c8	NEUTRAL	0.6580328413540282	AGAINST	0.2956242318655799	FAVOR	0.04634292678039193
d1b7041980d164855f0ff0088109a26e	NEUTRAL	0.7094890678038075	AGAINST	0.2382311227972613	FAVOR	0.05227980939893111
922bdbeb8f99df6a8b22e4e0a6768e76	NEUTRAL	0.040045501428038525	AGAINST	0.9299079091425966	FAVOR	0.030046589429364834
e819b46431b866aa0c776268926f6e56	NEUTRAL	0.7349706760985757	AGAINST	0.2460391313514696	FAVOR	0.018990192549954606
5067dae71068672dfe6c39c37a3a86bb	NEUTRAL	0.47508773916758157	AGAINST	0.425762435936757	FAVOR	0.09914982489566126
ead80dface298f8aa1d3559971be0ca7	NEUTRAL	0.8386374132134793	AGAINST	0.1358595505303339	FAVOR	0.025503036256186922
77b9bcaf66136fc40e1d93bd450d85b3	NEUTRAL	0.3241197965558314	AGAINST	0.6254456086768319	FAVOR	0.050434594767336784
58737cc7027b2732d2a2e7afd1afe6d1	NEUTRAL	0.18705859231049968	AGAINST	0.7831009044405814	FAVOR	0.029840503248918838
a9d4f7b26c7ce8127bf6ae9b959f6eec	NEUTRAL	0.5972360577334505	AGAINST	0.3178129282070551	FAVOR	0.08495101405949462
29446ca066c4ec9fc29607df799f08d1	NEUTRAL	0.6580328413540282	AGAINST	0.2956242318655799	FAVOR	0.04634292678039193
c9ec0fbc24756cda65aa3944d936536a	NEUTRAL	0.8143289339007642	AGAINST	0.13891685007274993	FAVOR	0.04675421602648587
e810c523c5858df15a1614e3d3f88b46	NEUTRAL	0.6571181472666091	AGAINST	0.283403685248802	FAVOR	0.05947816748458893
bc3ef50f66232e202595d1c25dd03b49	NEUTRAL	0.5741041870195697	AGAINST	0.3621665776115794	FAVOR	0.0637292353688509
d7e39bb2438a1199ec0afb5a377ec181	NEUTRAL	0.7910610756378887	AGAINST	0.19410097552843458	FAVOR	0.014837948833676685
4f03992291d2a5ecc0680dc5c19853f6	NEUTRAL	0.7928207610182276	AGAINST	0.17738689467614288	FAVOR	0.029792344305629385
803d9589cabbddc8aef1c6342345042e	NEUTRAL	0.8411182854516912	AGAINST	0.1369542407787556	FAVOR	0.02192747376955323
cac0b3a4c1760c10a3168cfd168c56eb	NEUTRAL	0.7094890678038075	AGAINST	0.2382311227972613	FAVOR	0.05227980939893111
6aa9514c820d982480deb9ab1fb31a94	NEUTRAL	0.34563951272676446	AGAINST	0.6195417649322348	FAVOR	0.034818722341000724
b74064fe937fde375b895aa2e83426df	NEUTRAL	0.20571188940246293	AGAINST	0.7783013031404936	FAVOR	0.01598680745704355
72a1dbfcc0a6767ce183a380163b698b	NEUTRAL	0.4820960002631893	AGAINST	0.36552218071501946	FAVOR	0.15238181902179113
f3358be95877bfebadaf1bce96c5de17	NEUTRAL	0.04068618992878746	AGAINST	0.9522859359639921	FAVOR	0.007027874107220342
460dc16d31bc5389c892d974c573416c	NEUTRAL	0.3450831516833034	AGAINST	0.6141721413521211	FAVOR	0.04074470696457566
6579dcac1b873d2b8ac5c4f36d4065ad	NEUTRAL	0.5091522121550427	AGAINST	0.43594713938077145	FAVOR	0.05490064846418589
379ccdbe4b7fb65e538c34cae958bb21	NEUTRAL	0.9018721981991362	AGAINST	0.08760531528891073	FAVOR	0.010522486511953031
ab8ea90c2605a7f2e5f9f4bf74eb162e	NEUTRAL	0.5566073966905681	AGAINST	0.3562838215114117	FAVOR	0.08710878179802016
d9afb16851ab28b7e96db211ea0f52d0	NEUTRAL	0.7758969528189039	AGAINST	0.1876011963391417	FAVOR	0.036501850841954335
547ae749fba28e5a878421b22824eee6	NEUTRAL	0.8685092603297082	AGAINST	0.12311382100248827	FAVOR	0.00837691866780354
d92830dcf6b5626277bc652caa06415a	NEUTRAL	0.5133204447121537	AGAINST	0.4627980882593074	FAVOR	0.023881467028538998
b534f289dee860a0cdb822cf593ea2c5	NEUTRAL	0.7094890678038075	AGAINST	0.2382311227972613	FAVOR	0.05227980939893111
8818993c886c2a17ca3ef3f67eecab4a	NEUTRAL	0.6974678235036493	AGAINST	0.2953367730719764	FAVOR	0.007195403424374385
b533d446d10c7f48bd1e9655a27bc830	NEUTRAL	0.295268265505738	AGAINST	0.6435943774992395	FAVOR	0.06113735699502242
36d8e34170448fc8db8072d767e36fe4	NEUTRAL	0.7724810990080333	AGAINST	0.2068788979067311	FAVOR	0.02064000308523547
ad9b0e497b3e53bc3bdfa4fd4366cb79	NEUTRAL	0.39789400916519563	AGAINST	0.5884701040841224	FAVOR	0.013635886750682098
211334ce96c70573275d4f60be6f7292	NEUTRAL	0.61093972529287	AGAINST	0.3717331175979322	FAVOR	0.017327157109197883
90f526869cc914a8097dca9e93efe658	NEUTRAL	0.8736831207736898	AGAINST	0.11080673542176898	FAVOR	0.015510143804541195
e92eace9d6179aa39668882d691d53bd	NEUTRAL	0.8619863203111943	AGAINST	0.09552694839771236	FAVOR	0.04248673129109337
54c1ce6119178c55b28d2ba29ed852a1	NEUTRAL	0.7286251521591715	AGAINST	0.21974410784315185	FAVOR	0.05163073999767665
a501e2ffc94b6d2dbd625ea7fa0ac37e	NEUTRAL	0.5657831161312561	AGAINST	0.4065093111097273	FAVOR	0.027707572759016565
7cbd6af2a8618f55135b757da5721372	NEUTRAL	0.5787308968227788	AGAINST	0.33254534899860794	FAVOR	0.08872375417861325
552b8c65e16455a184c811ba545dbf75	NEUTRAL	0.4148710314230215	AGAINST	0.551690828449999	FAVOR	0.03343814012697948
bdf7758bed318fd2c68ac5dd18699ce8	NEUTRAL	0.8906241540767754	AGAINST	0.0857827167474679	FAVOR	0.02359312917575665
6e28df326e68f7254cdb632f076b7be7	NEUTRAL	0.7969315755156127	AGAINST	0.1763504424115317	FAVOR	0.02671798207285555
63520cd522ef4a31431e025443c46383	NEUTRAL	0.8076773623516756	AGAINST	0.17133318793408134	FAVOR	0.020989449714243068
f479d40b66e03cfeb91ba687abd4e564	NEUTRAL	0.21189488862222902	AGAINST	0.7652166421919159	FAVOR	0.022888469185855135
893926d16f828aeb9acca2c5d9e3dbfa	NEUTRAL	0.6580328413540282	AGAINST	0.2956242318655799	FAVOR	0.04634292678039193
33b1924e9bfc3cb0b87fda9f352fb40d	NEUTRAL	0.20031832230800434	AGAINST	0.7203705020259588	FAVOR	0.07931117566603686
1cafae9e135ae9206006d35388b38c05	NEUTRAL	0.7094890678038075	AGAINST	0.2382311227972613	FAVOR	0.05227980939893111
f092bac486f88c9ceff8b88b63a85f21	NEUTRAL	0.7094890678038075	AGAINST	0.2382311227972613	FAVOR	0.05227980939893111
8d4df759fae1fe717bc67e8e9e0e5b69	NEUTRAL	0.09048385727570349	AGAINST	0.8490698083227499	FAVOR	0.06044633440154667
465b10d40e4cdee529d5ee9333b7057b	NEUTRAL	0.7836405024549487	AGAINST	0.1879088428434346	FAVOR	0.028450654701616812
aafd4b702f1eaad66387d4ebadb48a36	NEUTRAL	0.5625418719906207	AGAINST	0.3895149312162591	FAVOR	0.04794319679312029
d6832ae84af340d4d8cf4ef2478fb5e4	NEUTRAL	0.7094890678038075	AGAINST	0.2382311227972613	FAVOR	0.05227980939893111
69505912dd14c34fd00ca64806a7ce26	NEUTRAL	0.7515535779494952	AGAINST	0.19517880682657845	FAVOR	0.05326761522392617
7ea3c617eb763fabfcae6e220d631417	NEUTRAL	0.9140296606386185	AGAINST	0.07526356858074632	FAVOR	0.010706770780635333
a6a2b2c894c5bac4b6308ec3f2ff0c0c	NEUTRAL	0.43395701924962393	AGAINST	0.44418559388138207	FAVOR	0.12185738686899393
861e6a9a4007e07fe92c08b4e26c6a66	NEUTRAL	0.7498291879688991	AGAINST	0.21283691022676668	FAVOR	0.037333901804334144
c70c0ae49af892c7e0bfa4605c417e45	NEUTRAL	0.6207098131204304	AGAINST	0.3403223742012489	FAVOR	0.0389678126783208
b3544a37d315e687d574f4daf6106138	NEUTRAL	0.7804500092287806	AGAINST	0.2010667808452986	FAVOR	0.018483209925920754
9db8e7e6455f6d33e888ba5a67328afc	NEUTRAL	0.7094890678038075	AGAINST	0.2382311227972613	FAVOR	0.05227980939893111
cca8fa239c478e7b52ca019aa9982dda	NEUTRAL	0.46995390134491355	AGAINST	0.4816425093037821	FAVOR	0.04840358935130445
d4b650cb231bb8b7fa4b94808feb7f8a	NEUTRAL	0.7094890678038075	AGAINST	0.2382311227972613	FAVOR	0.05227980939893111
3dc9675e869569d471eb5fc569c189b1	NEUTRAL	0.6327608651252944	AGAINST	0.3120672280068403	FAVOR	0.055171906867865134
b4fd4c3f6ba90d40b5fd3473d703eddb	NEUTRAL	0.7389983756858798	AGAINST	0.184067291164939	FAVOR	0.07693433314918133
eab6d218e434a62228c3c8de24a4e1eb	NEUTRAL	0.6137789162314226	AGAINST	0.3247864897270683	FAVOR	0.06143459404150928
60f964dca0a989b113bd4017231a58da	NEUTRAL	0.366608741487646	AGAINST	0.48731785674068434	FAVOR	0.14607340177166986
c7cc6080a215bd618aa2114313d26a9d	NEUTRAL	0.7246814681811644	AGAINST	0.22550381917690393	FAVOR	0.04981471264193181
a6df1cc7903e708e4ebbd0ad26905bb6	NEUTRAL	0.022299540032672174	AGAINST	0.9706488674269858	FAVOR	0.007051592540342126
719b5f2acf70306159eb74a70a57fad8	NEUTRAL	0.6851516188091132	AGAINST	0.2571481737427817	FAVOR	0.057700207448105174
4bf33ada55f4bb1ad302cad111f813be	NEUTRAL	0.9612715077049606	AGAINST	0.026508643245523607	FAVOR	0.012219849049515747
976c161571b724affed5094b244bf814	NEUTRAL	0.7279529616169413	AGAINST	0.25317898336466366	FAVOR	0.018868055018395016
2ed7660a74349a7022d705de98e18ae	NEUTRAL	0.4955798305238993	AGAINST	0.4597328232962902	FAVOR	0.04468734617981047
76aa747062b75221ae82e45bf0a6e48c	NEUTRAL	0.7094890678038075	AGAINST	0.2382311227972613	FAVOR	0.05227980939893111
4384ac15967b12dc317c8b6497c4f278	NEUTRAL	0.4311282715873384	AGAINST	0.4838190152939399	FAVOR	0.08505271311872176
be51d9ef6996c6aa024244dc94058b0f	NEUTRAL	0.7701817380068536	AGAINST	0.17777219100724262	FAVOR	0.05204607098590381
80b178b04507a12c38b6dc24af73e0ef	NEUTRAL	0.6988253287058741	AGAINST	0.25167299801220905	FAVOR	0.04950167328191687
7a829205d688e7769c823e06ef3af07a	NEUTRAL	0.7294023343639298	AGAINST	0.23752402836651465	FAVOR	0.03307363726955566
f3ef8bfeb033b0726b2531af2cb20541	NEUTRAL	0.8878158230913297	AGAINST	0.09365266995337092	FAVOR	0.018531506955299374
6e19c46ffec4e129de9647f6da953f82	NEUTRAL	0.3898844217936027	AGAINST	0.5582904079364887	FAVOR	0.05182517026990848
39e4ab892e3525bd12db6ca9d881aa2c	NEUTRAL	0.005931189881681586	AGAINST	0.9864085958175061	FAVOR	0.0076602143008124065
7f2a14c0e8ad5d0a9181a3fa0d706f7a	NEUTRAL	0.6580328413540282	AGAINST	0.2956242318655799	FAVOR	0.04634292678039193
a2140bc1d65002b22d938e0db1d0d2d3	NEUTRAL	0.7181456179718497	AGAINST	0.22533787318066206	FAVOR	0.05651650884748825
90e1d72b67937a957fbf21d7c5d21fc8	NEUTRAL	0.9063412041093224	AGAINST	0.07390698291539587	FAVOR	0.01975181297528187
7d11bdcf3aabdf78889eb184a8125fa1	NEUTRAL	0.6392105189897139	AGAINST	0.33219299746037273	FAVOR	0.02859648354991321
b2c9227ce019703d0736428d7e4be195	NEUTRAL	0.7181456179718497	AGAINST	0.22533787318066206	FAVOR	0.05651650884748825
ecd5942aef3f614a0f93f5a031030621	NEUTRAL	0.5566073966905681	AGAINST	0.3562838215114117	FAVOR	0.08710878179802016
dee96c111a6abfef2eddcf83f128c729	NEUTRAL	0.18898496831607564	AGAINST	0.7796021375550871	FAVOR	0.031412894128837285
